Inserted: (788, 100)
Inserted: (801, 99)
Inserted: (809, 95)
Inserted: (809, 95)
Inserted: (809, 95)
Inserted: (809, 95)
Inserted: (812, 94)
Inserted: (812, 93)
Inserted: (820, 88)
Inserted: (820, 88)
Inserted: (820, 88)
Inserted: (820, 88)
Inserted: (820, 88)
Inserted: (828, 87)
Inserted: (836, 86)
Inserted: (840, 85)
Inserted: (848, 83)
Inserted: (848, 83)
Inserted: (856, 82)
Inserted: (864, 80)
Inserted: (864, 80)
Inserted: (876, 77)
Inserted: (876, 77)
Inserted: (876, 77)
Inserted: (892, 76)
Inserted: (908, 75)
Inserted: (924, 74)
Inserted: (932, 71)
Inserted: (932, 71)
Inserted: (932, 71)
Inserted: (948, 70)
Inserted: (961, 69)
Inserted: (969, 64)
Inserted: (969, 64)
Inserted: (969, 64)
Inserted: (969, 64)
Inserted: (969, 64)
Inserted: (980, 63)
Inserted: (993, 62)
Inserted: (998, 61)
Inserted: (1019, 60)
Inserted: (1025, 59)
Inserted: (1032, 58)
Inserted: (1053, 57)
Inserted: (1061, 56)
Inserted: (1061, 55)
Inserted: (1069, 53)
Inserted: (1069, 53)
Inserted: (1095, 52)
Inserted: (1113, 51)
Inserted: (1134, 50)
Inserted: (1158, 47)
Inserted: (1158, 47)
Inserted: (1158, 47)
Inserted: (1174, 46)
Inserted: (1190, 45)
Inserted: (1203, 42)
Inserted: (1203, 42)
Inserted: (1203, 42)
Inserted: (1222, 40)
Inserted: (1222, 40)
Inserted: (1258, 39)
Inserted: (1288, 38)
Inserted: (1306, 37)
Inserted: (1353, 36)
Inserted: (1377, 35)
Inserted: (1393, 34)
Inserted: (1436, 33)
Inserted: (1444, 32)
Inserted: (1486, 31)
Inserted: (1524, 30)
Inserted: (1536, 29)
Inserted: (1632, 28)
Inserted: (1732, 27)
Inserted: (1861, 26)
Inserted: (1942, 25)
Inserted: (1987, 24)
Inserted: (2043, 23)
Inserted: (2163, 22)
Inserted: (2352, 21)
Impossible, makespan: 20
Solutions: 55
(788, 100)
[0, 11, 12, 0, 0, 10, 11, 12, 1, 0, 1, 1, 2, 3, 2, 4, 3, 5, 1, 2, 2, 4, 6, 5, 7, 3, 3, 4, 0, 6, 4, 7, 1, 8, 9, 10, 11, 5, 6, 2, 5, 3, 6, 4, 5, 7, 12, 6, 0, 7, 1, 2, 3, 8, 4, 9, 0, 5, 1, 2, 7, 3, 8, 4, 6, 9, 8, 7, 8, 5, 0, 6, 9, 9, 7, 0, 1, 10, 10, 11, 12, 2, 1, 2, 8, 0, 9, 3, 1, 4, 3, 4, 5, 6, 2, 7, 3, 4, 5, 5, 10, 0, 6, 7, 0, 11, 12, 1, 8, 9, 6, 1, 2, 10, 2, 3, 7, 0, 1, 11, 2, 3, 4, 3, 5, 12, 6, 4, 7, 4, 8, 5, 0, 5, 9, 10, 11, 12, 1, 6, 2, 8, 6, 3, 9, 7, 0, 1, 7, 2, 10, 0, 0, 1, 3, 4, 5, 2, 6, 3, 7, 4, 0, 5, 6, 1, 4, 5, 7, 6, 7, 0, 2, 1, 0, 1, 1, 2, 3, 2, 4, 3, 3, 5, 4, 2, 3, 4, 5, 6, 4, 7, 5, 5, 6, 6, 7, 6, 7, 7] [30, 2, 2, 92, 60, 26, 26, 26, 30, 6, 92, 60, 60, 60, 30, 60, 30, 60, 6, 6, 92, 30, 60, 30, 60, 6, 92, 92, 36, 30, 6, 30, 36, 28, 28, 28, 28, 92, 92, 36, 6, 36, 6, 36, 36, 92, 28, 36, 84, 36, 84, 84, 84, 27, 84, 27, 12, 84, 12, 12, 6, 12, 26, 12, 84, 26, 20, 84, 2, 12, 68, 12, 2, 20, 12, 73, 68, 2, 20, 20, 20, 68, 73, 73, 15, 81, 15, 73, 81, 73, 68, 68, 68, 68, 81, 68, 81, 81, 81, 73, 15, 44, 73, 73, 49, 15, 15, 49, 12, 12, 81, 44, 44, 12, 49, 44, 81, 57, 57, 12, 57, 57, 44, 49, 44, 12, 44, 57, 44, 49, 9, 57, 20, 49, 9, 9, 9, 9, 20, 49, 20, 4, 57, 20, 4, 49, 25, 25, 57, 25, 4, 87, 33, 33, 25, 25, 25, 33, 25, 33, 25, 20, 1, 20, 20, 87, 33, 33, 20, 33, 33, 97, 87, 97, 9, 1, 9, 1, 87, 9, 87, 1, 9, 87, 1, 97, 97, 9, 1, 1, 97, 1, 97, 9, 9, 87, 87, 97, 97, 9]
(801, 99)
[0, 3, 4, 5, 0, 5, 6, 7, 1, 8, 6, 1, 2, 3, 2, 4, 3, 5, 9, 10, 7, 4, 6, 8, 7, 11, 8, 9, 0, 9, 12, 10, 1, 11, 12, 8, 9, 10, 11, 2, 0, 3, 1, 4, 5, 12, 10, 6, 0, 7, 1, 2, 3, 11, 4, 12, 0, 5, 1, 2, 2, 3, 8, 4, 6, 9, 10, 7, 0, 5, 0, 6, 1, 11, 7, 0, 1, 2, 12, 8, 9, 2, 1, 2, 10, 3, 11, 3, 4, 4, 3, 4, 5, 6, 5, 7, 6, 7, 0, 5, 12, 0, 6, 7, 0, 3, 4, 1, 5, 6, 1, 1, 2, 7, 2, 3, 2, 3, 4, 8, 5, 6, 4, 3, 5, 9, 6, 7, 7, 4, 10, 0, 0, 5, 11, 12, 3, 4, 1, 6, 2, 5, 1, 3, 6, 7, 0, 1, 2, 2, 7, 0, 3, 4, 3, 4, 5, 5, 6, 6, 7, 4, 0, 5, 6, 1, 7, 0, 7, 1, 2, 0, 2, 1, 3, 1, 4, 2, 3, 5, 4, 3, 6, 5, 4, 2, 3, 7, 5, 6, 4, 7, 5, 0, 1, 6, 7, 6, 7, 2] [30, 7, 7, 7, 60, 30, 30, 30, 30, 26, 7, 60, 60, 60, 30, 60, 30, 60, 26, 26, 7, 30, 60, 28, 60, 26, 2, 2, 36, 28, 26, 28, 36, 28, 28, 20, 20, 2, 2, 36, 6, 36, 6, 36, 36, 2, 20, 36, 92, 36, 92, 92, 92, 20, 92, 20, 12, 92, 12, 12, 6, 12, 15, 12, 92, 15, 15, 92, 97, 12, 84, 12, 97, 15, 12, 73, 84, 97, 15, 12, 12, 84, 73, 73, 12, 97, 12, 73, 97, 73, 84, 84, 84, 84, 97, 84, 97, 97, 81, 73, 12, 68, 73, 73, 49, 10, 10, 49, 10, 10, 81, 68, 68, 10, 49, 68, 81, 81, 81, 9, 81, 81, 68, 49, 68, 9, 68, 81, 68, 49, 9, 57, 44, 49, 9, 9, 6, 6, 44, 49, 44, 6, 57, 44, 6, 49, 25, 25, 57, 25, 6, 87, 57, 57, 25, 25, 25, 57, 25, 57, 25, 44, 1, 44, 44, 87, 57, 33, 44, 33, 33, 20, 87, 20, 33, 1, 33, 1, 87, 33, 87, 1, 33, 87, 1, 20, 20, 33, 1, 1, 20, 1, 20, 9, 9, 87, 87, 20, 20, 9]
(809, 95)
[8, 3, 4, 5, 0, 10, 11, 12, 9, 0, 6, 1, 2, 3, 10, 4, 11, 5, 1, 2, 7, 12, 6, 8, 7, 3, 8, 9, 0, 9, 4, 10, 1, 11, 12, 8, 9, 10, 11, 2, 5, 3, 6, 4, 5, 12, 10, 6, 0, 7, 1, 2, 3, 11, 4, 12, 0, 5, 1, 2, 7, 3, 8, 4, 6, 9, 10, 7, 8, 5, 0, 6, 9, 11, 7, 0, 1, 10, 12, 8, 9, 2, 1, 2, 10, 11, 11, 3, 12, 4, 3, 4, 5, 6, 0, 7, 1, 2, 0, 5, 12, 0, 6, 7, 0, 3, 4, 1, 5, 6, 1, 1, 2, 7, 2, 3, 2, 3, 4, 8, 5, 6, 4, 3, 5, 9, 6, 7, 7, 4, 10, 0, 0, 5, 11, 12, 3, 4, 1, 6, 2, 5, 1, 3, 6, 7, 0, 1, 2, 2, 7, 0, 3, 4, 3, 4, 5, 5, 6, 6, 7, 4, 0, 5, 6, 1, 7, 0, 7, 1, 2, 0, 2, 1, 3, 1, 4, 2, 3, 5, 4, 3, 6, 5, 4, 2, 3, 7, 5, 6, 4, 7, 5, 0, 1, 6, 7, 6, 7, 2] [33, 7, 7, 7, 60, 50, 50, 50, 33, 30, 7, 60, 60, 60, 33, 60, 33, 60, 30, 30, 7, 33, 60, 28, 60, 30, 2, 2, 36, 28, 30, 28, 36, 28, 28, 20, 20, 2, 2, 36, 30, 36, 30, 36, 36, 2, 20, 36, 92, 36, 92, 92, 92, 20, 92, 20, 12, 92, 12, 12, 30, 12, 15, 12, 92, 15, 15, 92, 26, 12, 84, 12, 26, 15, 12, 73, 84, 26, 15, 12, 12, 84, 73, 73, 12, 26, 12, 73, 26, 73, 84, 84, 84, 84, 6, 84, 6, 6, 81, 73, 12, 68, 73, 73, 49, 10, 10, 49, 10, 10, 81, 68, 68, 10, 49, 68, 81, 81, 81, 9, 81, 81, 68, 49, 68, 9, 68, 81, 68, 49, 9, 57, 44, 49, 9, 9, 6, 6, 44, 49, 44, 6, 57, 44, 6, 49, 25, 25, 57, 25, 6, 87, 57, 57, 25, 25, 25, 57, 25, 57, 25, 44, 1, 44, 44, 87, 57, 33, 44, 33, 33, 20, 87, 20, 33, 1, 33, 1, 87, 33, 87, 1, 33, 87, 1, 20, 20, 33, 1, 1, 20, 1, 20, 9, 9, 87, 87, 20, 20, 9]
(812, 93)
[12, 8, 9, 10, 0, 12, 0, 1, 8, 2, 11, 1, 2, 3, 9, 4, 10, 5, 3, 4, 12, 11, 6, 12, 7, 5, 0, 1, 0, 8, 6, 9, 1, 10, 11, 12, 0, 2, 3, 2, 7, 3, 8, 4, 5, 4, 1, 6, 5, 7, 6, 7, 8, 2, 9, 3, 0, 10, 1, 2, 9, 3, 4, 4, 11, 5, 6, 12, 10, 5, 0, 6, 11, 7, 7, 0, 1, 12, 8, 9, 10, 2, 1, 2, 11, 0, 12, 3, 1, 4, 3, 4, 5, 6, 2, 7, 3, 4, 5, 5, 0, 0, 6, 7, 0, 1, 2, 1, 3, 4, 6, 1, 2, 5, 2, 3, 7, 0, 1, 6, 2, 3, 4, 3, 5, 7, 6, 4, 7, 4, 0, 5, 0, 5, 1, 2, 3, 4, 1, 6, 2, 5, 6, 3, 6, 7, 0, 1, 7, 2, 7, 0, 0, 1, 3, 4, 5, 2, 6, 3, 7, 4, 0, 5, 6, 1, 4, 5, 7, 6, 7, 0, 2, 1, 0, 1, 1, 2, 3, 2, 4, 3, 3, 5, 4, 2, 3, 4, 5, 6, 4, 7, 5, 5, 6, 6, 7, 6, 7, 7] [20, 26, 26, 26, 60, 74, 54, 54, 15, 54, 26, 60, 60, 60, 15, 60, 15, 60, 54, 54, 26, 15, 60, 15, 60, 54, 7, 7, 36, 12, 54, 12, 36, 12, 12, 12, 10, 7, 7, 36, 54, 36, 50, 36, 36, 7, 10, 36, 7, 36, 7, 7, 2, 10, 2, 10, 12, 2, 12, 12, 50, 12, 10, 12, 2, 10, 10, 2, 50, 12, 84, 12, 50, 10, 12, 73, 84, 50, 9, 9, 9, 84, 73, 73, 9, 30, 9, 73, 30, 73, 84, 84, 84, 84, 30, 84, 30, 30, 30, 73, 6, 68, 73, 73, 49, 6, 6, 49, 6, 6, 30, 68, 68, 6, 49, 68, 30, 81, 81, 6, 81, 81, 68, 49, 68, 6, 68, 81, 68, 49, 92, 81, 44, 49, 92, 92, 92, 92, 44, 49, 44, 92, 81, 44, 92, 49, 25, 25, 81, 25, 92, 87, 57, 57, 25, 25, 25, 57, 25, 57, 25, 44, 1, 44, 44, 87, 57, 57, 44, 57, 57, 20, 87, 20, 33, 1, 33, 1, 87, 33, 87, 1, 33, 87, 1, 20, 20, 33, 1, 1, 20, 1, 20, 33, 33, 87, 87, 20, 20, 33]
(820, 88)
[9, 8, 9, 10, 0, 12, 0, 1, 10, 2, 11, 1, 2, 3, 11, 4, 12, 5, 3, 4, 12, 8, 6, 9, 7, 5, 0, 1, 0, 10, 6, 11, 1, 12, 8, 9, 10, 2, 3, 2, 7, 3, 8, 4, 5, 4, 11, 6, 5, 7, 6, 7, 8, 12, 9, 8, 0, 10, 1, 2, 9, 3, 9, 4, 11, 10, 11, 12, 10, 5, 0, 6, 11, 12, 7, 0, 1, 12, 0, 1, 2, 2, 1, 2, 3, 0, 4, 3, 1, 4, 3, 4, 5, 6, 2, 7, 3, 4, 5, 5, 5, 0, 6, 7, 0, 6, 7, 1, 8, 9, 6, 1, 2, 10, 2, 3, 7, 0, 1, 11, 2, 3, 4, 3, 5, 12, 6, 4, 7, 4, 0, 5, 0, 5, 1, 2, 3, 4, 1, 6, 2, 5, 6, 3, 6, 7, 0, 1, 7, 2, 7, 0, 0, 1, 3, 4, 5, 2, 6, 3, 7, 4, 0, 5, 6, 1, 4, 5, 7, 6, 7, 0, 2, 1, 0, 1, 1, 2, 3, 2, 4, 3, 3, 5, 4, 2, 3, 4, 5, 6, 4, 7, 5, 5, 6, 6, 7, 6, 7, 7] [33, 26, 26, 26, 60, 74, 54, 54, 33, 54, 26, 60, 60, 60, 33, 60, 33, 60, 54, 54, 26, 20, 60, 20, 60, 54, 7, 7, 36, 20, 54, 20, 36, 20, 15, 15, 15, 7, 7, 36, 54, 36, 50, 36, 36, 7, 15, 36, 7, 36, 7, 7, 2, 15, 2, 12, 12, 2, 12, 12, 50, 12, 12, 12, 2, 12, 12, 2, 50, 12, 84, 12, 50, 12, 12, 73, 84, 50, 10, 10, 10, 84, 73, 73, 10, 30, 10, 73, 30, 73, 84, 84, 84, 84, 30, 84, 30, 30, 30, 73, 10, 68, 73, 73, 49, 10, 10, 49, 9, 9, 30, 68, 68, 9, 49, 68, 30, 81, 81, 9, 81, 81, 68, 49, 68, 9, 68, 81, 68, 49, 6, 81, 44, 49, 6, 6, 6, 6, 44, 49, 44, 6, 81, 44, 6, 49, 25, 25, 81, 25, 6, 87, 57, 57, 25, 25, 25, 57, 25, 57, 25, 44, 1, 44, 44, 87, 57, 57, 44, 57, 57, 20, 87, 20, 33, 1, 33, 1, 87, 33, 87, 1, 33, 87, 1, 20, 20, 33, 1, 1, 20, 1, 20, 33, 33, 87, 87, 20, 20, 33]
(828, 87)
[11, 8, 9, 10, 0, 12, 0, 1, 12, 2, 11, 1, 2, 3, 8, 4, 9, 5, 3, 4, 12, 10, 6, 11, 7, 5, 0, 1, 0, 12, 6, 8, 1, 9, 10, 11, 12, 2, 3, 2, 7, 3, 8, 4, 5, 4, 8, 6, 5, 7, 6, 7, 8, 9, 9, 10, 0, 10, 1, 2, 9, 3, 11, 4, 11, 12, 8, 12, 10, 5, 0, 6, 11, 9, 7, 0, 1, 12, 10, 11, 12, 2, 1, 2, 8, 0, 9, 3, 1, 4, 3, 4, 5, 6, 2, 7, 3, 4, 5, 5, 10, 0, 6, 7, 0, 11, 12, 1, 0, 1, 6, 1, 2, 2, 2, 3, 7, 0, 1, 3, 2, 3, 4, 3, 5, 4, 6, 4, 7, 4, 5, 5, 0, 5, 6, 7, 8, 9, 1, 6, 2, 10, 6, 3, 11, 7, 0, 1, 7, 2, 12, 0, 0, 1, 3, 4, 5, 2, 6, 3, 7, 4, 0, 5, 6, 1, 4, 5, 7, 6, 7, 0, 2, 1, 0, 1, 1, 2, 3, 2, 4, 3, 3, 5, 4, 2, 3, 4, 5, 6, 4, 7, 5, 5, 6, 6, 7, 6, 7, 7] [39, 26, 26, 26, 60, 74, 54, 54, 39, 54, 26, 60, 60, 60, 36, 60, 36, 60, 54, 54, 26, 36, 60, 36, 60, 54, 7, 7, 36, 36, 54, 33, 36, 33, 33, 33, 33, 7, 7, 36, 54, 36, 50, 36, 36, 7, 20, 36, 7, 36, 7, 7, 2, 20, 2, 20, 12, 2, 12, 12, 50, 12, 20, 12, 2, 20, 15, 2, 50, 12, 84, 12, 50, 15, 12, 73, 84, 50, 15, 15, 15, 84, 73, 73, 12, 30, 12, 73, 30, 73, 84, 84, 84, 84, 30, 84, 30, 30, 30, 73, 12, 68, 73, 73, 49, 12, 12, 49, 10, 10, 30, 68, 68, 10, 49, 68, 30, 81, 81, 10, 81, 81, 68, 49, 68, 10, 68, 81, 68, 49, 10, 81, 44, 49, 10, 10, 9, 9, 44, 49, 44, 9, 81, 44, 9, 49, 25, 25, 81, 25, 9, 6, 57, 57, 25, 25, 25, 57, 25, 57, 25, 44, 1, 44, 44, 6, 57, 57, 44, 57, 57, 20, 6, 20, 33, 1, 33, 1, 6, 33, 6, 1, 33, 6, 1, 20, 20, 33, 1, 1, 20, 1, 20, 33, 33, 6, 6, 20, 20, 33]
(836, 86)
[9, 0, 1, 2, 0, 4, 5, 6, 10, 7, 3, 1, 2, 3, 11, 4, 12, 5, 8, 9, 4, 0, 6, 1, 7, 10, 5, 6, 0, 2, 11, 3, 1, 4, 5, 6, 7, 7, 8, 2, 12, 3, 0, 4, 5, 9, 8, 6, 10, 7, 11, 12, 0, 9, 1, 10, 0, 2, 1, 2, 1, 3, 11, 4, 3, 12, 8, 4, 2, 5, 5, 6, 3, 9, 7, 0, 6, 4, 10, 11, 12, 7, 1, 2, 8, 5, 9, 3, 6, 4, 8, 9, 10, 11, 7, 12, 8, 9, 10, 5, 10, 0, 6, 7, 0, 11, 12, 1, 0, 1, 11, 1, 2, 2, 2, 3, 12, 0, 1, 3, 2, 3, 4, 3, 5, 4, 6, 4, 7, 4, 5, 5, 0, 5, 6, 7, 8, 9, 1, 6, 2, 10, 6, 3, 11, 7, 0, 1, 7, 2, 12, 0, 0, 1, 3, 4, 5, 2, 6, 3, 7, 4, 0, 5, 6, 1, 4, 5, 7, 6, 7, 0, 2, 1, 0, 1, 1, 2, 3, 2, 4, 3, 3, 5, 4, 2, 3, 4, 5, 6, 4, 7, 5, 5, 6, 6, 7, 6, 7, 7] [33, 31, 31, 31, 60, 78, 78, 78, 33, 78, 31, 60, 60, 60, 33, 60, 33, 60, 74, 74, 31, 30, 60, 30, 60, 74, 31, 31, 36, 30, 74, 30, 36, 30, 30, 30, 30, 31, 26, 36, 74, 36, 54, 36, 36, 26, 20, 36, 26, 36, 26, 26, 7, 20, 7, 20, 12, 7, 12, 12, 54, 12, 20, 12, 7, 20, 15, 7, 54, 12, 7, 12, 54, 15, 12, 73, 7, 54, 15, 15, 15, 7, 73, 73, 12, 54, 12, 73, 54, 73, 2, 2, 2, 2, 54, 2, 50, 50, 50, 73, 12, 68, 73, 73, 49, 12, 12, 49, 10, 10, 50, 68, 68, 10, 49, 68, 50, 84, 84, 10, 84, 84, 68, 49, 68, 10, 68, 84, 68, 49, 10, 84, 44, 49, 10, 10, 9, 9, 44, 49, 44, 9, 84, 44, 9, 49, 25, 25, 84, 25, 9, 6, 81, 81, 25, 25, 25, 81, 25, 81, 25, 44, 1, 44, 44, 6, 81, 81, 44, 81, 81, 20, 6, 20, 57, 1, 57, 1, 6, 57, 6, 1, 57, 6, 1, 20, 20, 57, 1, 1, 20, 1, 20, 57, 57, 6, 6, 20, 20, 57]
(840, 85)
[0, 0, 1, 2, 0, 4, 5, 6, 1, 7, 3, 1, 2, 3, 2, 4, 3, 5, 0, 1, 4, 4, 6, 5, 7, 2, 5, 6, 0, 6, 3, 7, 1, 8, 9, 10, 11, 7, 8, 2, 4, 3, 5, 4, 5, 9, 12, 6, 10, 7, 11, 12, 0, 8, 1, 9, 0, 2, 1, 2, 6, 3, 10, 4, 3, 11, 12, 4, 7, 5, 5, 6, 8, 8, 7, 0, 6, 9, 9, 10, 11, 7, 1, 2, 12, 10, 0, 3, 11, 4, 8, 9, 10, 11, 12, 12, 0, 1, 2, 5, 1, 0, 6, 7, 0, 2, 3, 1, 4, 5, 3, 1, 2, 6, 2, 3, 4, 5, 6, 7, 7, 8, 4, 3, 5, 8, 6, 9, 7, 4, 9, 10, 0, 5, 10, 11, 12, 0, 1, 6, 2, 1, 11, 3, 2, 7, 0, 1, 12, 2, 3, 4, 0, 1, 3, 4, 5, 2, 6, 3, 7, 4, 0, 5, 6, 5, 4, 5, 7, 6, 7, 0, 6, 1, 0, 1, 1, 2, 7, 2, 0, 3, 3, 1, 4, 2, 3, 4, 5, 6, 4, 7, 5, 5, 6, 2, 3, 6, 7, 7] [30, 31, 31, 31, 60, 83, 83, 83, 30, 83, 31, 60, 60, 60, 30, 60, 30, 60, 78, 78, 31, 30, 60, 30, 60, 78, 31, 31, 36, 30, 78, 30, 36, 20, 20, 20, 20, 31, 26, 36, 78, 36, 78, 36, 36, 26, 20, 36, 26, 36, 26, 26, 7, 15, 7, 15, 12, 7, 12, 12, 78, 12, 15, 12, 7, 15, 15, 7, 78, 12, 7, 12, 74, 12, 12, 73, 7, 74, 12, 12, 12, 7, 73, 73, 12, 74, 10, 73, 74, 73, 2, 2, 2, 2, 74, 2, 54, 54, 54, 73, 10, 68, 73, 73, 49, 10, 10, 49, 10, 10, 54, 68, 68, 10, 49, 68, 54, 54, 54, 10, 54, 50, 68, 49, 68, 9, 68, 50, 68, 49, 9, 50, 44, 49, 9, 9, 9, 6, 44, 49, 44, 6, 50, 44, 6, 49, 25, 25, 50, 25, 6, 6, 81, 81, 25, 25, 25, 81, 25, 81, 25, 44, 1, 44, 44, 6, 81, 81, 44, 81, 81, 20, 6, 20, 57, 1, 57, 1, 6, 57, 84, 1, 57, 84, 1, 20, 20, 57, 1, 1, 20, 1, 20, 57, 57, 84, 84, 20, 20, 57]
(848, 83)
[5, 0, 1, 2, 0, 4, 5, 6, 6, 7, 3, 1, 2, 3, 7, 4, 8, 5, 0, 1, 4, 9, 6, 10, 7, 2, 5, 6, 0, 11, 3, 12, 1, 0, 1, 2, 3, 7, 8, 2, 4, 3, 5, 4, 5, 9, 4, 6, 10, 7, 11, 12, 0, 5, 1, 6, 0, 2, 1, 2, 6, 3, 7, 4, 3, 8, 9, 4, 7, 5, 5, 6, 8, 10, 7, 0, 6, 9, 11, 12, 8, 7, 1, 2, 9, 10, 10, 3, 11, 4, 8, 9, 10, 11, 12, 12, 0, 1, 2, 5, 11, 0, 6, 7, 0, 12, 8, 1, 9, 10, 3, 1, 2, 11, 2, 3, 4, 5, 6, 12, 7, 8, 4, 3, 5, 0, 6, 9, 7, 4, 1, 10, 0, 5, 2, 3, 8, 9, 1, 6, 2, 10, 11, 3, 11, 7, 0, 1, 12, 2, 12, 0, 0, 1, 3, 4, 5, 2, 6, 3, 7, 4, 0, 5, 6, 1, 4, 5, 7, 6, 7, 0, 2, 1, 0, 1, 1, 2, 3, 2, 4, 3, 3, 5, 4, 2, 3, 4, 5, 6, 4, 7, 5, 5, 6, 6, 7, 6, 7, 7] [34, 31, 31, 31, 60, 10, 10, 10, 34, 10, 31, 60, 60, 60, 34, 60, 33, 60, 78, 78, 31, 33, 60, 33, 60, 78, 31, 31, 36, 33, 78, 33, 36, 30, 30, 30, 30, 31, 26, 36, 78, 36, 78, 36, 36, 26, 30, 36, 26, 36, 26, 26, 7, 30, 7, 30, 12, 7, 12, 12, 78, 12, 30, 12, 7, 20, 20, 7, 78, 12, 7, 12, 74, 20, 12, 73, 7, 74, 20, 20, 15, 7, 73, 73, 15, 74, 15, 73, 74, 73, 2, 2, 2, 2, 74, 2, 54, 54, 54, 73, 15, 68, 73, 73, 49, 15, 12, 49, 12, 12, 54, 68, 68, 12, 49, 68, 54, 54, 54, 12, 54, 50, 68, 49, 68, 10, 68, 50, 68, 49, 10, 50, 44, 49, 10, 10, 9, 9, 44, 49, 44, 9, 50, 44, 9, 49, 25, 25, 50, 25, 9, 6, 81, 81, 25, 25, 25, 81, 25, 81, 25, 44, 1, 44, 44, 6, 81, 81, 44, 81, 81, 20, 6, 20, 57, 1, 57, 1, 6, 57, 6, 1, 57, 6, 1, 20, 20, 57, 1, 1, 20, 1, 20, 57, 57, 6, 6, 20, 20, 57]
(856, 82)
[5, 0, 1, 2, 0, 4, 5, 6, 6, 7, 3, 1, 2, 3, 7, 4, 8, 5, 0, 1, 4, 9, 6, 10, 7, 2, 5, 6, 0, 11, 3, 12, 1, 0, 1, 2, 3, 7, 8, 2, 4, 3, 5, 4, 5, 9, 4, 6, 10, 7, 11, 12, 0, 5, 1, 6, 0, 2, 1, 2, 6, 3, 7, 4, 3, 8, 9, 4, 7, 5, 5, 6, 0, 10, 7, 0, 6, 1, 11, 12, 8, 7, 1, 2, 9, 2, 10, 3, 3, 4, 8, 9, 10, 11, 4, 12, 5, 6, 7, 5, 11, 0, 6, 7, 0, 12, 8, 1, 9, 10, 8, 1, 2, 11, 2, 3, 9, 10, 11, 12, 12, 0, 4, 3, 5, 0, 6, 1, 7, 4, 1, 2, 0, 5, 2, 3, 8, 9, 1, 6, 2, 10, 3, 3, 11, 7, 0, 1, 4, 2, 12, 0, 5, 6, 3, 4, 5, 7, 6, 8, 7, 4, 0, 5, 6, 1, 9, 10, 7, 11, 12, 0, 2, 1, 0, 1, 1, 2, 3, 2, 4, 3, 3, 5, 4, 2, 3, 4, 5, 6, 4, 7, 5, 5, 6, 6, 7, 6, 7, 7] [34, 31, 31, 31, 60, 10, 10, 10, 34, 10, 31, 60, 60, 60, 34, 60, 33, 60, 80, 80, 31, 33, 60, 33, 60, 80, 31, 31, 36, 33, 80, 33, 36, 30, 30, 30, 30, 31, 26, 36, 80, 36, 80, 36, 36, 26, 30, 36, 26, 36, 26, 26, 7, 30, 7, 30, 12, 7, 12, 12, 80, 12, 30, 12, 7, 20, 20, 7, 80, 12, 7, 12, 78, 20, 12, 73, 7, 78, 20, 20, 15, 7, 73, 73, 15, 78, 15, 73, 78, 73, 2, 2, 2, 2, 78, 2, 78, 78, 78, 73, 15, 68, 73, 73, 49, 15, 12, 49, 12, 12, 74, 68, 68, 12, 49, 68, 74, 74, 74, 12, 74, 54, 68, 49, 68, 10, 68, 54, 68, 49, 10, 54, 44, 49, 10, 10, 9, 9, 44, 49, 44, 9, 54, 44, 9, 49, 25, 25, 54, 25, 9, 6, 54, 54, 25, 25, 25, 54, 25, 50, 25, 44, 1, 44, 44, 6, 50, 50, 44, 50, 50, 20, 6, 20, 57, 1, 57, 1, 6, 57, 6, 1, 57, 6, 1, 20, 20, 57, 1, 1, 20, 1, 20, 57, 57, 6, 6, 20, 20, 57]
(864, 80)
[10, 0, 1, 2, 0, 4, 5, 6, 11, 7, 3, 1, 2, 3, 12, 4, 0, 5, 0, 1, 4, 1, 6, 2, 7, 2, 5, 6, 0, 3, 3, 8, 1, 9, 10, 11, 12, 7, 8, 2, 4, 3, 5, 4, 5, 9, 0, 6, 10, 7, 11, 12, 0, 1, 1, 2, 0, 2, 1, 2, 6, 3, 3, 4, 3, 4, 5, 4, 7, 5, 5, 6, 0, 6, 7, 0, 6, 1, 7, 8, 9, 7, 1, 2, 10, 2, 11, 3, 3, 4, 8, 9, 10, 11, 4, 12, 5, 6, 7, 5, 12, 0, 6, 7, 0, 8, 9, 1, 10, 11, 8, 1, 2, 12, 2, 3, 9, 10, 11, 8, 12, 0, 4, 3, 5, 9, 6, 1, 7, 4, 10, 2, 0, 5, 11, 12, 8, 9, 1, 6, 2, 10, 3, 3, 11, 7, 0, 1, 4, 2, 12, 0, 5, 6, 3, 4, 5, 7, 6, 8, 7, 4, 0, 5, 6, 1, 9, 10, 7, 11, 12, 0, 2, 1, 0, 1, 1, 2, 3, 2, 4, 3, 3, 5, 4, 2, 3, 4, 5, 6, 4, 7, 5, 5, 6, 6, 7, 6, 7, 7] [36, 31, 31, 31, 60, 34, 34, 34, 36, 34, 31, 60, 60, 60, 36, 60, 34, 60, 10, 10, 31, 34, 60, 34, 60, 10, 31, 31, 36, 34, 10, 33, 36, 33, 33, 33, 33, 31, 26, 36, 10, 36, 10, 36, 36, 26, 30, 36, 26, 36, 26, 26, 7, 30, 7, 30, 12, 7, 12, 12, 10, 12, 30, 12, 7, 30, 30, 7, 10, 12, 7, 12, 78, 30, 12, 73, 7, 78, 30, 20, 20, 7, 73, 73, 20, 78, 20, 73, 78, 73, 2, 2, 2, 2, 78, 2, 78, 78, 78, 73, 20, 68, 73, 73, 49, 15, 15, 49, 15, 15, 74, 68, 68, 15, 49, 68, 74, 74, 74, 12, 74, 54, 68, 49, 68, 12, 68, 54, 68, 49, 12, 54, 44, 49, 12, 12, 9, 9, 44, 49, 44, 9, 54, 44, 9, 49, 25, 25, 54, 25, 9, 6, 54, 54, 25, 25, 25, 54, 25, 50, 25, 44, 1, 44, 44, 6, 50, 50, 44, 50, 50, 20, 6, 20, 57, 1, 57, 1, 6, 57, 6, 1, 57, 6, 1, 20, 20, 57, 1, 1, 20, 1, 20, 57, 57, 6, 6, 20, 20, 57]
(876, 77)
[11, 0, 1, 2, 0, 21, 22, 23, 12, 24, 3, 1, 2, 3, 8, 4, 9, 5, 0, 1, 4, 10, 6, 11, 7, 2, 5, 6, 0, 12, 3, 8, 1, 9, 10, 11, 12, 7, 8, 2, 4, 3, 5, 4, 5, 9, 0, 6, 10, 7, 11, 12, 0, 1, 1, 2, 0, 2, 1, 2, 6, 3, 3, 4, 3, 4, 5, 4, 7, 5, 5, 6, 0, 6, 7, 0, 6, 1, 7, 8, 9, 7, 1, 2, 10, 2, 11, 3, 3, 4, 8, 9, 10, 11, 4, 12, 5, 6, 7, 5, 12, 0, 6, 7, 0, 8, 9, 1, 10, 11, 8, 1, 2, 12, 2, 3, 9, 10, 11, 8, 12, 0, 4, 3, 5, 9, 6, 1, 7, 4, 10, 2, 0, 5, 11, 12, 8, 9, 1, 6, 2, 10, 3, 3, 11, 7, 0, 1, 4, 2, 12, 0, 5, 6, 3, 4, 5, 7, 6, 8, 7, 4, 0, 5, 6, 1, 9, 10, 7, 11, 12, 0, 2, 1, 0, 1, 1, 2, 3, 2, 4, 3, 3, 5, 4, 2, 3, 4, 5, 6, 4, 7, 5, 5, 6, 6, 7, 6, 7, 7] [39, 31, 31, 31, 60, 2, 2, 2, 39, 2, 31, 60, 60, 60, 36, 60, 36, 60, 34, 34, 31, 36, 60, 36, 60, 34, 31, 31, 36, 36, 34, 33, 36, 33, 33, 33, 33, 31, 26, 36, 34, 36, 34, 36, 36, 26, 30, 36, 26, 36, 26, 26, 7, 30, 7, 30, 12, 7, 12, 12, 34, 12, 30, 12, 7, 30, 30, 7, 34, 12, 7, 12, 10, 30, 12, 73, 7, 10, 30, 20, 20, 7, 73, 73, 20, 10, 20, 73, 10, 73, 2, 2, 2, 2, 10, 2, 10, 10, 10, 73, 20, 68, 73, 73, 49, 15, 15, 49, 15, 15, 74, 68, 68, 15, 49, 68, 74, 74, 74, 12, 74, 54, 68, 49, 68, 12, 68, 54, 68, 49, 12, 54, 44, 49, 12, 12, 9, 9, 44, 49, 44, 9, 54, 44, 9, 49, 25, 25, 54, 25, 9, 6, 54, 54, 25, 25, 25, 54, 25, 50, 25, 44, 1, 44, 44, 6, 50, 50, 44, 50, 50, 20, 6, 20, 57, 1, 57, 1, 6, 57, 6, 1, 57, 6, 1, 20, 20, 57, 1, 1, 20, 1, 20, 57, 57, 6, 6, 20, 20, 57]
(892, 76)
[11, 0, 1, 2, 0, 21, 22, 23, 12, 24, 3, 1, 2, 3, 8, 4, 9, 5, 0, 1, 4, 10, 6, 11, 7, 2, 5, 6, 0, 12, 3, 8, 1, 9, 10, 11, 12, 7, 8, 2, 4, 3, 5, 4, 5, 9, 0, 6, 10, 7, 11, 12, 0, 1, 1, 2, 0, 2, 1, 2, 6, 3, 3, 4, 3, 4, 5, 4, 7, 5, 5, 6, 0, 6, 7, 0, 6, 1, 7, 8, 9, 7, 1, 2, 10, 2, 11, 3, 3, 4, 8, 9, 10, 11, 4, 12, 5, 6, 7, 5, 12, 0, 6, 7, 0, 8, 9, 1, 10, 11, 8, 1, 2, 12, 2, 3, 9, 10, 11, 8, 12, 0, 4, 3, 5, 9, 6, 1, 7, 4, 10, 2, 0, 5, 11, 12, 8, 9, 1, 6, 2, 10, 3, 3, 11, 7, 0, 1, 4, 2, 12, 0, 5, 6, 3, 4, 5, 7, 6, 8, 7, 4, 0, 5, 6, 1, 9, 10, 7, 11, 12, 0, 2, 1, 0, 1, 1, 2, 3, 2, 4, 3, 3, 5, 4, 2, 3, 4, 5, 6, 4, 7, 5, 5, 6, 6, 7, 6, 7, 7] [39, 31, 31, 31, 72, 2, 2, 2, 39, 2, 31, 72, 72, 72, 36, 72, 36, 72, 34, 34, 31, 36, 72, 36, 72, 34, 31, 31, 60, 36, 34, 33, 60, 33, 33, 33, 33, 31, 26, 60, 34, 60, 34, 60, 60, 26, 30, 60, 26, 60, 26, 26, 7, 30, 7, 30, 36, 7, 36, 36, 34, 36, 30, 36, 7, 30, 30, 7, 34, 36, 7, 36, 10, 30, 36, 12, 7, 10, 30, 20, 20, 7, 12, 12, 20, 10, 20, 12, 10, 12, 2, 2, 2, 2, 10, 2, 10, 10, 10, 12, 20, 68, 12, 12, 49, 15, 15, 49, 15, 15, 74, 68, 68, 15, 49, 68, 74, 74, 74, 12, 74, 54, 68, 49, 68, 12, 68, 54, 68, 49, 12, 54, 44, 49, 12, 12, 9, 9, 44, 49, 44, 9, 54, 44, 9, 49, 25, 25, 54, 25, 9, 6, 54, 54, 25, 25, 25, 54, 25, 50, 25, 44, 1, 44, 44, 6, 50, 50, 44, 50, 50, 20, 6, 20, 57, 1, 57, 1, 6, 57, 6, 1, 57, 6, 1, 20, 20, 57, 1, 1, 20, 1, 20, 57, 57, 6, 6, 20, 20, 57]
(908, 75)
[8, 5, 6, 7, 0, 16, 17, 18, 9, 19, 8, 1, 2, 3, 10, 4, 11, 5, 20, 21, 9, 12, 6, 8, 7, 22, 10, 11, 0, 9, 23, 10, 1, 11, 12, 8, 9, 12, 0, 2, 24, 3, 5, 4, 5, 1, 10, 6, 2, 7, 3, 4, 5, 11, 6, 12, 0, 7, 1, 2, 6, 3, 8, 4, 8, 9, 10, 9, 7, 5, 10, 6, 0, 11, 7, 0, 11, 1, 12, 0, 1, 12, 1, 2, 2, 2, 3, 3, 3, 4, 8, 9, 10, 11, 4, 12, 5, 6, 7, 5, 4, 0, 6, 7, 0, 5, 6, 1, 7, 8, 0, 1, 2, 9, 2, 3, 1, 2, 3, 10, 4, 5, 4, 3, 5, 11, 6, 6, 7, 4, 12, 7, 0, 5, 8, 9, 10, 11, 1, 6, 2, 12, 0, 3, 8, 7, 0, 1, 1, 2, 9, 10, 2, 3, 3, 4, 5, 4, 6, 0, 7, 4, 0, 5, 6, 11, 1, 2, 7, 3, 4, 0, 12, 1, 5, 1, 6, 2, 8, 7, 9, 3, 0, 10, 4, 2, 3, 1, 5, 6, 4, 7, 5, 2, 3, 11, 12, 6, 7, 4] [44, 55, 55, 55, 6, 2, 2, 2, 44, 2, 50, 6, 6, 6, 44, 6, 44, 6, 2, 2, 50, 44, 6, 39, 6, 2, 50, 50, 60, 39, 2, 39, 60, 39, 39, 36, 36, 50, 31, 60, 2, 60, 58, 60, 60, 31, 36, 60, 31, 60, 31, 31, 31, 36, 31, 36, 36, 31, 36, 36, 58, 36, 33, 36, 26, 33, 33, 26, 58, 36, 26, 36, 34, 33, 36, 12, 26, 34, 33, 30, 30, 26, 12, 12, 30, 34, 30, 12, 34, 12, 2, 2, 2, 2, 34, 2, 34, 34, 34, 12, 30, 68, 12, 12, 49, 30, 30, 49, 30, 20, 10, 68, 68, 20, 49, 68, 10, 10, 10, 20, 10, 10, 68, 49, 68, 20, 68, 10, 68, 49, 20, 10, 44, 49, 15, 15, 15, 15, 44, 49, 44, 15, 54, 44, 12, 49, 25, 25, 54, 25, 12, 12, 54, 54, 25, 25, 25, 54, 25, 73, 25, 44, 1, 44, 44, 12, 73, 73, 44, 73, 73, 20, 12, 20, 73, 1, 73, 1, 9, 73, 9, 1, 57, 9, 1, 20, 20, 57, 1, 1, 20, 1, 20, 57, 57, 9, 9, 20, 20, 57]
(924, 74)
[8, 5, 6, 7, 0, 16, 17, 18, 9, 19, 8, 1, 2, 3, 10, 4, 11, 5, 20, 21, 9, 12, 6, 8, 7, 22, 10, 11, 0, 9, 23, 10, 1, 11, 12, 8, 9, 12, 0, 2, 24, 3, 0, 4, 5, 1, 10, 6, 2, 7, 3, 4, 5, 11, 6, 12, 0, 7, 1, 2, 1, 3, 8, 4, 8, 9, 10, 9, 2, 5, 10, 6, 3, 11, 7, 0, 11, 4, 12, 0, 1, 12, 1, 2, 2, 5, 3, 3, 6, 4, 8, 9, 10, 11, 7, 12, 5, 6, 7, 5, 4, 0, 6, 7, 0, 5, 6, 1, 7, 8, 0, 1, 2, 9, 2, 3, 1, 2, 3, 10, 4, 5, 4, 3, 5, 11, 6, 6, 7, 4, 12, 7, 0, 5, 8, 9, 10, 11, 1, 6, 2, 12, 0, 3, 8, 7, 0, 1, 1, 2, 9, 10, 2, 3, 3, 4, 5, 4, 6, 5, 7, 4, 0, 5, 6, 11, 6, 7, 7, 0, 1, 0, 12, 1, 2, 1, 3, 2, 8, 4, 9, 3, 0, 10, 4, 2, 3, 1, 5, 6, 4, 7, 5, 2, 3, 11, 12, 6, 7, 4] [44, 55, 55, 55, 6, 2, 2, 2, 44, 2, 50, 6, 6, 6, 44, 6, 44, 6, 2, 2, 50, 44, 6, 39, 6, 2, 50, 50, 60, 39, 2, 39, 60, 39, 39, 36, 36, 50, 31, 60, 2, 60, 72, 60, 60, 31, 36, 60, 31, 60, 31, 31, 31, 36, 31, 36, 36, 31, 36, 36, 72, 36, 33, 36, 26, 33, 33, 26, 72, 36, 26, 36, 72, 33, 36, 12, 26, 72, 33, 30, 30, 26, 12, 12, 30, 72, 30, 12, 72, 12, 2, 2, 2, 2, 72, 2, 58, 58, 58, 12, 30, 68, 12, 12, 49, 30, 30, 49, 30, 20, 34, 68, 68, 20, 49, 68, 34, 34, 34, 20, 34, 34, 68, 49, 68, 20, 68, 34, 68, 49, 20, 34, 44, 49, 15, 15, 15, 15, 44, 49, 44, 15, 10, 44, 12, 49, 25, 25, 10, 25, 12, 12, 10, 10, 25, 25, 25, 10, 25, 10, 25, 44, 1, 44, 44, 12, 10, 10, 44, 54, 54, 20, 12, 20, 54, 1, 54, 1, 9, 54, 9, 1, 57, 9, 1, 20, 20, 57, 1, 1, 20, 1, 20, 57, 57, 9, 9, 20, 20, 57]
(932, 71)
[11, 5, 6, 7, 0, 8, 9, 10, 12, 11, 8, 1, 2, 3, 5, 4, 6, 5, 12, 13, 9, 7, 6, 8, 7, 14, 10, 11, 0, 9, 15, 10, 1, 11, 12, 8, 9, 12, 0, 2, 16, 3, 17, 4, 5, 1, 10, 6, 2, 7, 3, 4, 5, 11, 6, 12, 0, 7, 1, 2, 18, 3, 8, 4, 8, 9, 10, 9, 19, 5, 10, 6, 20, 11, 7, 0, 11, 21, 12, 8, 9, 12, 1, 2, 10, 22, 11, 3, 23, 4, 8, 9, 10, 11, 24, 12, 5, 6, 7, 5, 12, 0, 6, 7, 0, 0, 1, 1, 2, 3, 0, 1, 2, 4, 2, 3, 1, 2, 3, 5, 4, 5, 4, 3, 5, 6, 6, 6, 7, 4, 7, 7, 0, 5, 8, 9, 10, 11, 1, 6, 2, 12, 0, 3, 8, 7, 0, 1, 1, 2, 9, 10, 2, 3, 3, 4, 5, 4, 6, 5, 7, 4, 0, 5, 6, 11, 6, 7, 7, 0, 1, 0, 12, 1, 2, 1, 3, 2, 8, 4, 9, 3, 0, 10, 4, 2, 3, 1, 5, 6, 4, 7, 5, 2, 3, 11, 12, 6, 7, 4] [57, 55, 55, 55, 6, 9, 9, 9, 57, 9, 50, 6, 6, 6, 54, 6, 54, 6, 9, 2, 50, 54, 6, 44, 6, 2, 50, 50, 60, 44, 2, 44, 60, 44, 44, 39, 39, 50, 31, 60, 2, 60, 2, 60, 60, 31, 39, 60, 31, 60, 31, 31, 31, 39, 31, 39, 36, 31, 36, 36, 2, 36, 36, 36, 26, 36, 36, 26, 2, 36, 26, 36, 2, 36, 36, 12, 26, 2, 36, 33, 33, 26, 12, 12, 33, 2, 33, 12, 2, 12, 2, 2, 2, 2, 2, 2, 58, 58, 58, 12, 33, 68, 12, 12, 49, 30, 30, 49, 30, 30, 34, 68, 68, 30, 49, 68, 34, 34, 34, 30, 34, 34, 68, 49, 68, 30, 68, 34, 68, 49, 30, 34, 44, 49, 20, 20, 20, 20, 44, 49, 44, 20, 10, 44, 15, 49, 25, 25, 10, 25, 15, 15, 10, 10, 25, 25, 25, 10, 25, 10, 25, 44, 1, 44, 44, 15, 10, 10, 44, 54, 54, 20, 15, 20, 54, 1, 54, 1, 12, 54, 12, 1, 57, 12, 1, 20, 20, 57, 1, 1, 20, 1, 20, 57, 57, 12, 12, 20, 20, 57]
(948, 70)
[3, 5, 6, 7, 0, 8, 9, 10, 4, 11, 0, 1, 2, 3, 5, 4, 6, 5, 12, 13, 1, 7, 6, 8, 7, 14, 2, 3, 0, 9, 15, 10, 1, 11, 12, 8, 9, 4, 5, 2, 16, 3, 17, 4, 5, 6, 10, 6, 7, 7, 8, 9, 10, 11, 11, 12, 0, 12, 1, 2, 18, 3, 8, 4, 0, 9, 10, 1, 19, 5, 2, 6, 20, 11, 7, 0, 3, 21, 12, 8, 9, 4, 1, 2, 10, 22, 11, 3, 23, 4, 5, 6, 7, 8, 24, 9, 0, 1, 2, 5, 12, 10, 6, 7, 0, 0, 1, 1, 2, 3, 3, 11, 12, 4, 2, 8, 4, 5, 6, 5, 7, 0, 9, 3, 10, 6, 11, 1, 12, 4, 7, 2, 0, 5, 8, 9, 10, 11, 1, 6, 2, 12, 3, 3, 8, 7, 0, 1, 4, 2, 9, 10, 5, 6, 3, 4, 5, 7, 6, 0, 7, 4, 0, 5, 6, 11, 1, 2, 7, 3, 4, 0, 12, 1, 5, 1, 6, 2, 8, 7, 9, 3, 0, 10, 4, 2, 3, 1, 5, 6, 4, 7, 5, 2, 3, 11, 12, 6, 7, 4] [54, 67, 67, 67, 6, 9, 9, 9, 54, 9, 55, 6, 6, 6, 54, 6, 54, 6, 9, 2, 55, 54, 6, 44, 6, 2, 55, 55, 60, 44, 2, 44, 60, 44, 44, 39, 39, 55, 55, 60, 2, 60, 2, 60, 60, 55, 39, 60, 55, 60, 50, 50, 50, 39, 50, 39, 36, 50, 36, 36, 2, 36, 36, 36, 31, 36, 36, 31, 2, 36, 31, 36, 2, 36, 36, 12, 31, 2, 36, 33, 33, 31, 12, 12, 33, 2, 33, 12, 2, 12, 31, 31, 31, 26, 2, 26, 58, 58, 58, 12, 33, 26, 12, 12, 49, 30, 30, 49, 30, 30, 58, 26, 26, 30, 49, 2, 58, 58, 58, 30, 58, 34, 2, 49, 2, 30, 2, 34, 2, 49, 30, 34, 44, 49, 20, 20, 20, 20, 44, 49, 44, 20, 34, 44, 15, 49, 25, 25, 34, 25, 15, 15, 34, 34, 25, 25, 25, 34, 25, 10, 25, 44, 1, 44, 44, 15, 10, 10, 44, 10, 10, 20, 15, 20, 10, 1, 10, 1, 12, 10, 12, 1, 68, 12, 1, 20, 20, 68, 1, 1, 20, 1, 20, 68, 68, 12, 12, 20, 20, 68]
(961, 69)
[3, 22, 23, 24, 0, 8, 9, 10, 4, 11, 0, 1, 2, 3, 5, 4, 6, 5, 12, 13, 1, 7, 6, 8, 7, 14, 2, 3, 0, 9, 15, 10, 1, 11, 12, 8, 9, 4, 5, 2, 16, 3, 17, 4, 5, 6, 10, 6, 7, 7, 8, 9, 10, 11, 11, 12, 0, 12, 1, 2, 18, 3, 8, 4, 0, 9, 10, 1, 19, 5, 2, 6, 20, 11, 7, 0, 3, 21, 12, 8, 9, 4, 1, 2, 10, 0, 11, 3, 1, 4, 5, 6, 7, 8, 2, 9, 3, 4, 5, 5, 12, 10, 6, 7, 0, 0, 1, 1, 2, 3, 6, 11, 12, 4, 2, 8, 7, 0, 1, 5, 2, 3, 9, 3, 10, 6, 11, 4, 12, 4, 7, 5, 0, 5, 8, 9, 10, 11, 1, 6, 2, 12, 6, 3, 8, 7, 0, 1, 7, 2, 9, 10, 0, 1, 3, 4, 5, 2, 6, 3, 7, 4, 0, 5, 6, 11, 4, 5, 7, 6, 7, 0, 12, 1, 0, 1, 1, 2, 8, 2, 9, 3, 3, 10, 4, 2, 3, 4, 5, 6, 4, 7, 5, 5, 6, 11, 12, 6, 7, 7] [54, 2, 2, 2, 6, 9, 9, 9, 54, 9, 55, 6, 6, 6, 54, 6, 54, 6, 9, 2, 55, 54, 6, 44, 6, 2, 55, 55, 60, 44, 2, 44, 60, 44, 44, 39, 39, 55, 55, 60, 2, 60, 2, 60, 60, 55, 39, 60, 55, 60, 50, 50, 50, 39, 50, 39, 36, 50, 36, 36, 2, 36, 36, 36, 31, 36, 36, 31, 2, 36, 31, 36, 2, 36, 36, 12, 31, 2, 36, 33, 33, 31, 12, 12, 33, 67, 33, 12, 67, 12, 31, 31, 31, 26, 67, 26, 67, 67, 67, 12, 33, 26, 12, 12, 49, 30, 30, 49, 30, 30, 67, 26, 26, 30, 49, 2, 67, 58, 58, 30, 58, 58, 2, 49, 2, 30, 2, 58, 2, 49, 30, 58, 44, 49, 20, 20, 20, 20, 44, 49, 44, 20, 58, 44, 15, 49, 25, 25, 58, 25, 15, 15, 34, 34, 25, 25, 25, 34, 25, 34, 25, 44, 1, 44, 44, 15, 34, 34, 44, 34, 34, 20, 15, 20, 10, 1, 10, 1, 12, 10, 12, 1, 10, 12, 1, 20, 20, 10, 1, 1, 20, 1, 20, 10, 10, 12, 12, 20, 20, 10]
(969, 64)
[8, 22, 23, 24, 0, 10, 11, 12, 9, 8, 0, 1, 2, 3, 10, 4, 11, 5, 9, 10, 1, 12, 6, 0, 7, 11, 2, 3, 0, 1, 12, 2, 1, 3, 4, 5, 6, 4, 5, 2, 8, 3, 9, 4, 5, 6, 7, 6, 7, 7, 8, 9, 10, 8, 11, 9, 0, 12, 1, 2, 10, 3, 10, 4, 0, 11, 12, 1, 11, 5, 2, 6, 12, 8, 7, 0, 3, 13, 9, 10, 11, 4, 1, 2, 12, 14, 8, 3, 15, 4, 5, 6, 7, 8, 16, 9, 17, 18, 19, 5, 9, 10, 6, 7, 0, 10, 11, 1, 12, 8, 20, 11, 12, 9, 2, 8, 21, 0, 1, 10, 2, 3, 9, 3, 10, 11, 11, 4, 12, 4, 12, 5, 0, 5, 0, 1, 2, 3, 1, 6, 2, 4, 6, 3, 5, 7, 0, 1, 7, 2, 6, 7, 0, 1, 3, 4, 5, 2, 6, 3, 7, 4, 0, 5, 6, 8, 4, 5, 7, 6, 7, 0, 9, 1, 0, 1, 1, 2, 10, 2, 11, 3, 3, 12, 4, 2, 3, 4, 5, 6, 4, 7, 5, 5, 6, 8, 9, 6, 7, 7] [57, 2, 2, 2, 6, 14, 14, 14, 57, 12, 55, 6, 6, 6, 57, 6, 57, 6, 12, 12, 55, 57, 6, 54, 6, 12, 55, 55, 60, 54, 12, 54, 60, 54, 54, 54, 54, 55, 55, 60, 9, 60, 9, 60, 60, 55, 54, 60, 55, 60, 50, 50, 50, 44, 50, 44, 36, 50, 36, 36, 9, 36, 44, 36, 31, 44, 44, 31, 9, 36, 31, 36, 9, 39, 36, 12, 31, 2, 39, 39, 39, 31, 12, 12, 39, 2, 36, 12, 2, 12, 31, 31, 31, 26, 2, 26, 2, 2, 2, 12, 36, 26, 12, 12, 49, 36, 36, 49, 36, 33, 2, 26, 26, 33, 49, 2, 2, 58, 58, 33, 58, 58, 2, 49, 2, 33, 2, 58, 2, 49, 33, 58, 44, 49, 30, 30, 30, 30, 44, 49, 44, 30, 58, 44, 30, 49, 25, 25, 58, 25, 30, 30, 34, 34, 25, 25, 25, 34, 25, 34, 25, 44, 1, 44, 44, 20, 34, 34, 44, 34, 34, 20, 20, 20, 10, 1, 10, 1, 20, 10, 20, 1, 10, 20, 1, 20, 20, 10, 1, 1, 20, 1, 20, 10, 10, 15, 15, 20, 20, 10]
(980, 63)
[5, 22, 23, 24, 0, 10, 11, 12, 6, 8, 0, 1, 2, 3, 7, 4, 8, 5, 9, 10, 1, 9, 6, 10, 7, 11, 2, 3, 0, 11, 12, 12, 1, 8, 9, 10, 11, 4, 5, 2, 8, 3, 9, 4, 5, 6, 12, 6, 7, 7, 8, 9, 10, 8, 11, 9, 0, 12, 1, 2, 10, 3, 10, 4, 0, 11, 12, 1, 11, 5, 2, 6, 12, 8, 7, 0, 3, 13, 9, 10, 11, 4, 1, 2, 12, 14, 8, 3, 15, 4, 5, 6, 7, 8, 16, 9, 17, 18, 19, 5, 9, 10, 6, 7, 0, 10, 11, 1, 12, 8, 20, 11, 12, 9, 2, 8, 21, 0, 1, 10, 2, 3, 9, 3, 10, 11, 11, 4, 12, 4, 12, 5, 0, 5, 0, 1, 2, 3, 1, 6, 2, 4, 6, 3, 5, 7, 0, 1, 7, 2, 6, 7, 0, 1, 3, 4, 5, 2, 6, 3, 7, 4, 0, 5, 6, 8, 4, 5, 7, 6, 7, 0, 9, 1, 0, 1, 1, 2, 10, 2, 11, 3, 3, 12, 4, 2, 3, 4, 5, 6, 4, 7, 5, 5, 6, 8, 9, 6, 7, 7] [0, 2, 2, 2, 6, 14, 14, 14, 0, 12, 54, 6, 6, 6, 0, 6, 60, 6, 12, 12, 54, 60, 6, 60, 6, 12, 54, 54, 57, 60, 12, 60, 57, 57, 57, 57, 57, 54, 54, 57, 9, 57, 9, 57, 57, 54, 57, 57, 54, 57, 50, 50, 50, 44, 50, 44, 36, 50, 36, 36, 9, 36, 44, 36, 31, 44, 44, 31, 9, 36, 31, 36, 9, 39, 36, 12, 31, 2, 39, 39, 39, 31, 12, 12, 39, 2, 36, 12, 2, 12, 31, 31, 31, 26, 2, 26, 2, 2, 2, 12, 36, 26, 12, 12, 49, 36, 36, 49, 36, 33, 2, 26, 26, 33, 49, 2, 2, 34, 34, 33, 34, 34, 2, 49, 2, 33, 2, 34, 2, 49, 33, 34, 44, 49, 30, 30, 30, 30, 44, 49, 44, 30, 34, 44, 30, 49, 25, 25, 34, 25, 30, 30, 10, 10, 25, 25, 25, 10, 25, 10, 25, 44, 1, 44, 44, 20, 10, 10, 44, 10, 10, 20, 20, 20, 61, 1, 61, 1, 20, 61, 20, 1, 61, 20, 1, 20, 20, 61, 1, 1, 20, 1, 20, 61, 61, 15, 15, 20, 20, 61]
(993, 62)
[3, 22, 23, 24, 0, 2, 3, 4, 4, 5, 0, 1, 2, 3, 5, 4, 6, 5, 6, 7, 1, 7, 6, 8, 7, 8, 2, 3, 0, 9, 9, 10, 1, 11, 12, 8, 9, 4, 5, 2, 10, 3, 11, 4, 5, 6, 10, 6, 7, 7, 8, 9, 10, 11, 11, 12, 0, 12, 1, 2, 12, 3, 8, 4, 0, 9, 10, 1, 8, 5, 2, 6, 9, 11, 7, 0, 3, 10, 12, 8, 9, 4, 1, 2, 10, 11, 11, 3, 12, 4, 5, 6, 7, 8, 8, 9, 9, 10, 11, 5, 12, 10, 6, 7, 0, 8, 9, 1, 10, 11, 12, 11, 12, 12, 2, 8, 13, 14, 15, 8, 16, 17, 9, 3, 10, 9, 11, 18, 12, 4, 10, 19, 0, 5, 11, 12, 0, 1, 1, 6, 2, 2, 20, 3, 3, 7, 0, 1, 21, 2, 4, 5, 0, 1, 3, 4, 5, 2, 6, 3, 7, 4, 0, 5, 6, 6, 4, 5, 7, 6, 7, 0, 7, 1, 0, 1, 1, 2, 8, 2, 9, 3, 3, 10, 4, 2, 3, 4, 5, 6, 4, 7, 5, 5, 6, 11, 12, 6, 7, 7] [61, 2, 2, 2, 6, 16, 16, 16, 61, 16, 54, 6, 6, 6, 61, 6, 61, 6, 16, 16, 54, 61, 6, 60, 6, 14, 54, 54, 57, 60, 14, 60, 57, 60, 60, 57, 57, 54, 54, 57, 14, 57, 14, 57, 57, 54, 57, 57, 54, 57, 50, 50, 50, 57, 50, 57, 36, 50, 36, 36, 14, 36, 44, 36, 31, 44, 44, 31, 12, 36, 31, 36, 12, 44, 36, 12, 31, 12, 44, 39, 39, 31, 12, 12, 39, 12, 39, 12, 12, 12, 31, 31, 31, 26, 9, 26, 9, 9, 9, 12, 39, 26, 12, 12, 49, 36, 36, 49, 36, 36, 9, 26, 26, 36, 49, 2, 2, 2, 2, 33, 2, 2, 2, 49, 2, 33, 2, 2, 2, 49, 33, 2, 44, 49, 33, 33, 30, 30, 44, 49, 44, 30, 2, 44, 30, 49, 25, 25, 2, 25, 30, 30, 34, 34, 25, 25, 25, 34, 25, 34, 25, 44, 1, 44, 44, 30, 34, 34, 44, 34, 34, 20, 30, 20, 10, 1, 10, 1, 20, 10, 20, 1, 10, 20, 1, 20, 20, 10, 1, 1, 20, 1, 20, 10, 10, 20, 20, 20, 20, 10]
(998, 61)
[3, 22, 23, 24, 0, 2, 3, 4, 4, 5, 0, 1, 2, 3, 5, 4, 6, 5, 6, 7, 1, 7, 6, 8, 7, 8, 2, 3, 0, 9, 9, 10, 1, 11, 12, 8, 9, 4, 5, 2, 10, 3, 11, 4, 5, 6, 10, 6, 7, 7, 8, 9, 10, 11, 11, 12, 0, 12, 1, 2, 12, 3, 8, 4, 0, 9, 10, 1, 8, 5, 2, 6, 9, 11, 7, 0, 3, 10, 12, 8, 9, 4, 1, 2, 10, 11, 11, 3, 12, 4, 5, 6, 7, 8, 8, 9, 9, 10, 11, 5, 12, 10, 6, 7, 0, 8, 9, 1, 10, 11, 12, 11, 12, 12, 2, 8, 13, 14, 15, 8, 16, 17, 9, 3, 10, 9, 11, 18, 12, 4, 10, 19, 0, 5, 11, 12, 0, 1, 1, 6, 2, 2, 20, 3, 3, 7, 0, 1, 21, 2, 4, 5, 0, 1, 3, 4, 5, 2, 6, 3, 7, 4, 0, 5, 6, 6, 4, 5, 7, 6, 7, 0, 7, 1, 0, 1, 1, 2, 8, 2, 9, 3, 3, 10, 4, 2, 3, 4, 5, 6, 4, 7, 5, 5, 6, 11, 12, 6, 7, 7] [0, 2, 2, 2, 6, 16, 16, 16, 0, 16, 54, 6, 6, 6, 0, 6, 0, 6, 16, 16, 54, 0, 6, 60, 6, 14, 54, 54, 57, 60, 14, 60, 57, 60, 60, 57, 57, 54, 54, 57, 14, 57, 14, 57, 57, 54, 57, 57, 54, 57, 50, 50, 50, 57, 50, 57, 36, 50, 36, 36, 14, 36, 44, 36, 31, 44, 44, 31, 12, 36, 31, 36, 12, 44, 36, 12, 31, 12, 44, 39, 39, 31, 12, 12, 39, 12, 39, 12, 12, 12, 31, 31, 31, 26, 9, 26, 9, 9, 9, 12, 39, 26, 12, 12, 49, 36, 36, 49, 36, 36, 9, 26, 26, 36, 49, 2, 2, 2, 2, 33, 2, 2, 2, 49, 2, 33, 2, 2, 2, 49, 33, 2, 44, 49, 33, 33, 30, 30, 44, 49, 44, 30, 2, 44, 30, 49, 25, 25, 2, 25, 30, 30, 34, 34, 25, 25, 25, 34, 25, 34, 25, 44, 1, 44, 44, 30, 34, 34, 44, 34, 34, 20, 30, 20, 10, 1, 10, 1, 20, 10, 20, 1, 10, 20, 1, 20, 20, 10, 1, 1, 20, 1, 20, 10, 10, 20, 20, 20, 20, 10]
(1019, 60)
[6, 14, 15, 16, 0, 2, 3, 4, 7, 5, 17, 1, 2, 3, 8, 4, 9, 5, 6, 7, 18, 10, 6, 11, 7, 8, 19, 20, 0, 12, 9, 0, 1, 1, 2, 3, 4, 21, 22, 2, 10, 3, 11, 4, 5, 23, 5, 6, 24, 7, 0, 1, 2, 6, 3, 7, 0, 4, 1, 2, 12, 3, 8, 4, 5, 9, 10, 6, 8, 5, 7, 6, 9, 11, 7, 0, 8, 10, 12, 8, 9, 9, 1, 2, 10, 11, 11, 3, 12, 4, 10, 11, 12, 0, 8, 1, 9, 10, 11, 5, 12, 2, 6, 7, 0, 8, 9, 1, 10, 11, 12, 3, 4, 12, 2, 5, 13, 0, 1, 8, 2, 3, 6, 3, 7, 9, 8, 4, 9, 4, 10, 5, 10, 5, 11, 12, 0, 1, 11, 6, 12, 2, 6, 8, 3, 7, 0, 1, 7, 2, 4, 5, 0, 1, 3, 4, 5, 2, 6, 3, 7, 9, 0, 10, 11, 6, 4, 5, 12, 6, 7, 0, 7, 1, 0, 1, 1, 2, 8, 2, 9, 3, 3, 10, 4, 2, 3, 4, 5, 6, 4, 7, 5, 5, 6, 11, 12, 6, 7, 7] [0, 2, 2, 2, 20, 16, 16, 16, 0, 16, 2, 20, 20, 20, 57, 20, 57, 20, 16, 16, 2, 57, 20, 57, 20, 14, 2, 2, 6, 57, 14, 54, 6, 54, 54, 54, 54, 2, 2, 6, 14, 6, 14, 6, 6, 2, 54, 6, 2, 6, 55, 55, 55, 54, 55, 54, 36, 55, 36, 36, 14, 36, 44, 36, 55, 44, 44, 55, 12, 36, 55, 36, 12, 44, 36, 12, 50, 12, 44, 39, 39, 50, 12, 12, 39, 12, 39, 12, 12, 12, 50, 50, 50, 31, 9, 31, 9, 9, 9, 12, 39, 31, 12, 12, 49, 36, 36, 49, 36, 36, 9, 31, 31, 36, 49, 31, 2, 58, 58, 33, 58, 58, 31, 49, 31, 33, 26, 58, 26, 49, 33, 58, 26, 49, 33, 33, 30, 30, 26, 49, 26, 30, 58, 2, 30, 49, 25, 25, 58, 25, 30, 30, 34, 34, 25, 25, 25, 34, 25, 34, 25, 2, 1, 2, 2, 30, 34, 34, 2, 34, 34, 44, 30, 44, 10, 1, 10, 1, 20, 10, 20, 1, 10, 20, 1, 44, 44, 10, 1, 1, 44, 1, 44, 10, 10, 20, 20, 44, 44, 10]
(1025, 59)
[1, 14, 15, 16, 0, 24, 8, 9, 2, 10, 17, 1, 2, 3, 3, 4, 4, 5, 11, 12, 18, 5, 6, 6, 7, 0, 19, 20, 0, 7, 1, 8, 1, 9, 10, 11, 12, 21, 22, 2, 2, 3, 3, 4, 5, 23, 0, 6, 24, 7, 0, 1, 2, 1, 3, 2, 0, 4, 1, 2, 4, 3, 3, 4, 5, 4, 5, 6, 5, 5, 7, 6, 6, 6, 7, 0, 8, 7, 7, 8, 9, 9, 1, 2, 10, 8, 11, 3, 9, 4, 10, 11, 12, 0, 10, 1, 11, 12, 8, 5, 12, 2, 6, 7, 0, 8, 9, 1, 10, 11, 9, 3, 4, 12, 2, 5, 10, 11, 12, 8, 8, 9, 6, 3, 7, 9, 8, 10, 9, 4, 10, 11, 10, 5, 11, 12, 8, 9, 11, 6, 12, 10, 12, 8, 11, 7, 0, 1, 13, 2, 12, 0, 0, 1, 3, 4, 5, 2, 6, 3, 7, 9, 0, 10, 11, 1, 4, 5, 12, 6, 7, 0, 2, 1, 0, 1, 1, 2, 3, 2, 4, 3, 3, 5, 4, 2, 3, 4, 5, 6, 4, 7, 5, 5, 6, 6, 7, 6, 7, 7] [58, 2, 2, 2, 20, 26, 20, 20, 58, 20, 2, 20, 20, 20, 58, 20, 58, 20, 20, 20, 2, 58, 20, 58, 20, 16, 2, 2, 6, 58, 16, 57, 6, 57, 57, 57, 57, 2, 2, 6, 16, 6, 16, 6, 6, 2, 54, 6, 2, 6, 55, 55, 55, 54, 55, 54, 36, 55, 36, 36, 16, 36, 54, 36, 55, 54, 54, 55, 16, 36, 55, 36, 16, 54, 36, 12, 50, 16, 54, 44, 44, 50, 12, 12, 44, 14, 44, 12, 14, 12, 50, 50, 50, 31, 14, 31, 14, 14, 12, 12, 44, 31, 12, 12, 49, 39, 39, 49, 39, 39, 12, 31, 31, 39, 49, 31, 12, 12, 12, 36, 9, 9, 31, 49, 31, 36, 26, 9, 26, 49, 36, 9, 26, 49, 36, 36, 33, 33, 26, 49, 26, 33, 9, 2, 33, 49, 25, 25, 2, 25, 33, 30, 34, 34, 25, 25, 25, 34, 25, 34, 25, 2, 1, 2, 2, 30, 34, 34, 2, 34, 34, 44, 30, 44, 10, 1, 10, 1, 30, 10, 30, 1, 10, 30, 1, 44, 44, 10, 1, 1, 44, 1, 44, 10, 10, 30, 30, 44, 44, 10]
(1032, 58)
[1, 14, 15, 16, 0, 24, 8, 9, 2, 10, 17, 1, 2, 3, 3, 4, 4, 5, 11, 12, 18, 5, 6, 6, 7, 0, 19, 20, 0, 7, 1, 8, 1, 9, 10, 11, 12, 21, 22, 2, 2, 3, 3, 4, 5, 23, 0, 6, 24, 7, 0, 1, 2, 1, 3, 2, 0, 4, 1, 2, 4, 3, 3, 4, 5, 4, 5, 6, 5, 5, 7, 6, 6, 6, 7, 0, 8, 7, 7, 8, 9, 9, 1, 2, 10, 8, 11, 3, 9, 4, 10, 11, 12, 0, 10, 1, 11, 12, 8, 5, 12, 2, 6, 7, 0, 8, 9, 1, 10, 11, 9, 3, 4, 12, 2, 5, 10, 11, 12, 8, 8, 9, 6, 3, 7, 9, 8, 10, 9, 4, 10, 11, 10, 5, 11, 12, 8, 9, 11, 6, 12, 10, 12, 8, 11, 7, 0, 1, 13, 2, 12, 0, 0, 1, 3, 4, 5, 2, 6, 3, 7, 9, 0, 10, 11, 1, 4, 5, 12, 6, 7, 0, 2, 1, 0, 1, 1, 2, 3, 2, 4, 3, 3, 5, 4, 2, 3, 4, 5, 6, 4, 7, 5, 5, 6, 6, 7, 6, 7, 7] [0, 2, 2, 2, 20, 26, 20, 20, 0, 20, 2, 20, 20, 20, 0, 20, 0, 20, 20, 20, 2, 0, 20, 0, 20, 16, 2, 2, 6, 0, 16, 57, 6, 57, 57, 57, 57, 2, 2, 6, 16, 6, 16, 6, 6, 2, 54, 6, 2, 6, 55, 55, 55, 54, 55, 54, 36, 55, 36, 36, 16, 36, 54, 36, 55, 54, 54, 55, 16, 36, 55, 36, 16, 54, 36, 12, 50, 16, 54, 44, 44, 50, 12, 12, 44, 14, 44, 12, 14, 12, 50, 50, 50, 31, 14, 31, 14, 14, 12, 12, 44, 31, 12, 12, 49, 39, 39, 49, 39, 39, 12, 31, 31, 39, 49, 31, 12, 12, 12, 36, 9, 9, 31, 49, 31, 36, 26, 9, 26, 49, 36, 9, 26, 49, 36, 36, 33, 33, 26, 49, 26, 33, 9, 2, 33, 49, 25, 25, 2, 25, 33, 30, 34, 34, 25, 25, 25, 34, 25, 34, 25, 2, 1, 2, 2, 30, 34, 34, 2, 34, 34, 44, 30, 44, 10, 1, 10, 1, 30, 10, 30, 1, 10, 30, 1, 44, 44, 10, 1, 1, 44, 1, 44, 10, 10, 30, 30, 44, 44, 10]
(1053, 57)
[14, 14, 15, 16, 0, 24, 8, 9, 15, 10, 17, 1, 2, 3, 16, 4, 17, 5, 11, 12, 18, 18, 6, 19, 7, 0, 19, 20, 0, 20, 1, 21, 1, 22, 23, 24, 13, 21, 22, 2, 2, 3, 3, 4, 5, 23, 0, 6, 24, 7, 0, 1, 2, 1, 3, 2, 0, 4, 1, 2, 4, 3, 3, 4, 5, 4, 5, 6, 5, 5, 7, 6, 6, 6, 7, 0, 8, 7, 7, 8, 9, 9, 1, 2, 10, 8, 11, 3, 9, 4, 10, 11, 12, 0, 10, 1, 11, 12, 8, 5, 12, 2, 6, 7, 0, 8, 9, 1, 10, 11, 9, 3, 4, 12, 2, 5, 10, 11, 12, 8, 8, 9, 6, 3, 7, 9, 8, 10, 9, 4, 10, 11, 10, 5, 11, 12, 8, 9, 11, 6, 12, 10, 12, 8, 11, 7, 0, 1, 13, 2, 12, 0, 0, 1, 3, 4, 5, 2, 6, 3, 7, 9, 0, 10, 11, 1, 4, 5, 12, 6, 7, 0, 2, 1, 0, 1, 1, 2, 3, 2, 4, 3, 3, 5, 4, 2, 3, 4, 5, 6, 4, 7, 5, 5, 6, 6, 7, 6, 7, 7] [9, 2, 2, 2, 20, 26, 20, 20, 9, 20, 2, 20, 20, 20, 9, 20, 9, 20, 20, 20, 2, 9, 20, 9, 20, 16, 2, 2, 6, 9, 16, 9, 6, 9, 9, 9, 4, 2, 2, 6, 16, 6, 16, 6, 6, 2, 0, 6, 2, 6, 54, 54, 54, 0, 54, 0, 36, 54, 36, 36, 16, 36, 0, 36, 54, 0, 0, 54, 16, 36, 54, 36, 16, 0, 36, 12, 50, 16, 0, 44, 44, 50, 12, 12, 44, 14, 44, 12, 14, 12, 50, 50, 50, 31, 14, 31, 14, 14, 12, 12, 44, 31, 12, 12, 49, 39, 39, 49, 39, 39, 12, 31, 31, 39, 49, 31, 12, 12, 12, 36, 9, 9, 31, 49, 31, 36, 26, 9, 26, 49, 36, 9, 26, 49, 36, 36, 33, 33, 26, 49, 26, 33, 9, 2, 33, 49, 25, 25, 2, 25, 33, 30, 34, 34, 25, 25, 25, 34, 25, 34, 25, 2, 1, 2, 2, 30, 34, 34, 2, 34, 34, 44, 30, 44, 10, 1, 10, 1, 30, 10, 30, 1, 10, 30, 1, 44, 44, 10, 1, 1, 44, 1, 44, 10, 10, 30, 30, 44, 44, 10]
(1061, 55)
[21, 18, 19, 20, 0, 16, 17, 8, 22, 9, 21, 1, 2, 3, 23, 4, 24, 5, 10, 11, 22, 0, 6, 1, 7, 12, 23, 24, 0, 2, 0, 3, 1, 4, 5, 6, 7, 13, 14, 2, 1, 3, 2, 4, 5, 15, 0, 6, 16, 7, 17, 18, 19, 1, 20, 2, 0, 21, 1, 2, 3, 3, 3, 4, 22, 4, 5, 23, 4, 5, 24, 6, 5, 6, 7, 0, 8, 6, 7, 8, 9, 9, 1, 2, 10, 7, 11, 3, 8, 4, 10, 11, 12, 0, 9, 1, 10, 11, 12, 5, 12, 2, 6, 7, 0, 8, 9, 1, 10, 11, 8, 3, 4, 12, 2, 5, 9, 10, 11, 8, 12, 8, 6, 3, 7, 9, 8, 9, 9, 4, 10, 10, 10, 5, 11, 12, 8, 9, 11, 6, 12, 10, 11, 8, 11, 7, 0, 1, 12, 2, 12, 0, 0, 1, 3, 4, 5, 2, 6, 3, 7, 9, 0, 10, 11, 1, 4, 5, 12, 6, 7, 0, 2, 1, 0, 1, 1, 2, 3, 2, 4, 3, 3, 5, 4, 2, 3, 4, 5, 6, 4, 7, 5, 5, 6, 6, 7, 6, 7, 7] [9, 26, 26, 26, 20, 26, 26, 20, 9, 20, 26, 20, 20, 20, 9, 20, 9, 20, 20, 20, 26, 0, 20, 0, 20, 20, 26, 26, 6, 0, 16, 0, 6, 0, 0, 0, 0, 2, 2, 6, 16, 6, 16, 6, 6, 2, 54, 6, 2, 6, 2, 2, 2, 54, 2, 54, 36, 2, 36, 36, 16, 36, 54, 36, 2, 54, 54, 2, 16, 36, 2, 36, 16, 54, 36, 12, 50, 16, 54, 44, 44, 50, 12, 12, 44, 16, 44, 12, 14, 12, 50, 50, 50, 31, 14, 31, 14, 14, 14, 12, 44, 31, 12, 12, 49, 39, 39, 49, 39, 39, 12, 31, 31, 39, 49, 31, 12, 12, 12, 36, 12, 9, 31, 49, 31, 36, 26, 9, 26, 49, 36, 9, 26, 49, 36, 36, 33, 33, 26, 49, 26, 33, 9, 2, 33, 49, 25, 25, 9, 25, 33, 30, 34, 34, 25, 25, 25, 34, 25, 34, 25, 2, 1, 2, 2, 30, 34, 34, 2, 34, 34, 44, 30, 44, 10, 1, 10, 1, 30, 10, 30, 1, 10, 30, 1, 44, 44, 10, 1, 1, 44, 1, 44, 10, 10, 30, 30, 44, 44, 10]
(1069, 53)
[13, 18, 19, 20, 0, 16, 17, 8, 14, 9, 21, 1, 2, 3, 15, 4, 16, 5, 10, 11, 22, 17, 6, 18, 7, 12, 23, 24, 0, 19, 0, 20, 1, 21, 22, 23, 24, 13, 14, 2, 1, 3, 2, 4, 5, 15, 0, 6, 16, 7, 17, 18, 19, 1, 20, 2, 0, 21, 1, 2, 3, 3, 3, 4, 22, 4, 5, 23, 4, 5, 24, 6, 5, 6, 7, 0, 8, 6, 7, 8, 9, 9, 1, 2, 10, 7, 11, 3, 8, 4, 10, 11, 12, 0, 9, 1, 10, 11, 12, 5, 12, 2, 6, 7, 0, 8, 9, 1, 10, 11, 8, 3, 4, 12, 2, 5, 9, 10, 11, 8, 12, 8, 6, 3, 7, 9, 8, 9, 9, 4, 10, 10, 10, 5, 11, 12, 8, 9, 11, 6, 12, 10, 11, 8, 11, 7, 0, 1, 12, 2, 12, 0, 0, 1, 3, 4, 5, 2, 6, 3, 7, 9, 0, 10, 11, 1, 4, 5, 12, 6, 7, 0, 2, 1, 0, 1, 1, 2, 3, 2, 4, 3, 3, 5, 4, 2, 3, 4, 5, 6, 4, 7, 5, 5, 6, 6, 7, 6, 7, 7] [9, 26, 26, 26, 20, 26, 26, 20, 9, 20, 26, 20, 20, 20, 9, 20, 9, 20, 20, 20, 26, 9, 20, 9, 20, 20, 26, 26, 6, 9, 16, 9, 6, 9, 9, 9, 9, 2, 2, 6, 16, 6, 16, 6, 6, 2, 0, 6, 2, 6, 2, 2, 2, 0, 2, 0, 36, 2, 36, 36, 16, 36, 0, 36, 2, 0, 0, 2, 16, 36, 2, 36, 16, 0, 36, 12, 50, 16, 0, 44, 44, 50, 12, 12, 44, 16, 44, 12, 14, 12, 50, 50, 50, 31, 14, 31, 14, 14, 14, 12, 44, 31, 12, 12, 49, 39, 39, 49, 39, 39, 12, 31, 31, 39, 49, 31, 12, 12, 12, 36, 12, 9, 31, 49, 31, 36, 26, 9, 26, 49, 36, 9, 26, 49, 36, 36, 33, 33, 26, 49, 26, 33, 9, 2, 33, 49, 25, 25, 9, 25, 33, 30, 34, 34, 25, 25, 25, 34, 25, 34, 25, 2, 1, 2, 2, 30, 34, 34, 2, 34, 34, 44, 30, 44, 10, 1, 10, 1, 30, 10, 30, 1, 10, 30, 1, 44, 44, 10, 1, 1, 44, 1, 44, 10, 10, 30, 30, 44, 44, 10]
(1095, 52)
[13, 18, 19, 20, 0, 16, 17, 8, 14, 9, 21, 1, 2, 3, 15, 4, 16, 5, 10, 11, 22, 17, 6, 18, 7, 12, 23, 24, 0, 19, 0, 20, 1, 21, 22, 23, 24, 13, 14, 2, 1, 3, 2, 4, 5, 15, 0, 6, 16, 7, 17, 18, 19, 1, 20, 2, 0, 21, 1, 2, 3, 3, 3, 4, 22, 4, 5, 23, 4, 5, 24, 6, 5, 6, 7, 0, 8, 6, 7, 8, 9, 9, 1, 2, 10, 7, 11, 3, 8, 4, 10, 11, 12, 0, 9, 1, 10, 11, 12, 5, 12, 2, 6, 7, 0, 8, 9, 1, 10, 11, 8, 3, 4, 12, 2, 5, 9, 10, 11, 8, 12, 8, 6, 3, 7, 9, 8, 9, 9, 4, 10, 10, 10, 5, 11, 12, 8, 9, 11, 6, 12, 10, 11, 8, 11, 7, 0, 1, 12, 2, 12, 0, 0, 1, 3, 4, 5, 2, 6, 3, 7, 9, 0, 10, 11, 1, 4, 5, 12, 6, 7, 0, 2, 1, 0, 1, 1, 2, 3, 2, 4, 3, 3, 5, 4, 2, 3, 4, 5, 6, 4, 7, 5, 5, 6, 6, 7, 6, 7, 7] [9, 26, 26, 26, 20, 26, 26, 20, 9, 20, 26, 20, 20, 20, 9, 20, 9, 20, 20, 20, 26, 9, 20, 9, 20, 20, 26, 26, 6, 9, 16, 9, 6, 9, 9, 9, 9, 2, 2, 6, 16, 6, 16, 6, 6, 2, 0, 6, 2, 6, 2, 2, 2, 0, 2, 0, 48, 2, 48, 48, 16, 48, 0, 48, 2, 0, 0, 2, 16, 48, 2, 48, 16, 0, 48, 36, 49, 16, 0, 44, 44, 49, 36, 36, 44, 16, 44, 36, 14, 36, 49, 49, 49, 31, 14, 31, 14, 14, 14, 36, 44, 31, 36, 36, 12, 39, 39, 12, 39, 39, 12, 31, 31, 39, 12, 31, 12, 12, 12, 36, 12, 9, 31, 12, 31, 36, 26, 9, 26, 12, 36, 9, 26, 12, 36, 36, 33, 33, 26, 12, 26, 33, 9, 2, 33, 12, 25, 25, 9, 25, 33, 30, 34, 34, 25, 25, 25, 34, 25, 34, 25, 2, 1, 2, 2, 30, 34, 34, 2, 34, 34, 44, 30, 44, 10, 1, 10, 1, 30, 10, 30, 1, 10, 30, 1, 44, 44, 10, 1, 1, 44, 1, 44, 10, 10, 30, 30, 44, 44, 10]
(1113, 51)
[20, 13, 14, 15, 0, 11, 12, 8, 21, 9, 16, 1, 2, 3, 22, 4, 23, 5, 10, 11, 17, 24, 6, 13, 7, 12, 18, 19, 0, 14, 0, 15, 1, 16, 17, 18, 19, 20, 21, 2, 1, 3, 2, 4, 5, 22, 20, 6, 23, 7, 24, 13, 14, 21, 15, 22, 0, 16, 1, 2, 3, 3, 23, 4, 17, 24, 0, 18, 4, 5, 19, 6, 5, 1, 7, 0, 20, 6, 2, 3, 4, 21, 1, 2, 5, 7, 6, 3, 8, 4, 22, 23, 24, 0, 9, 1, 10, 11, 12, 5, 7, 2, 6, 7, 0, 8, 9, 1, 10, 11, 8, 3, 4, 12, 2, 5, 9, 10, 11, 8, 12, 8, 6, 3, 7, 9, 8, 9, 9, 4, 10, 10, 10, 5, 11, 12, 8, 9, 11, 6, 12, 10, 11, 8, 11, 7, 0, 1, 12, 2, 12, 8, 0, 1, 3, 4, 5, 2, 6, 3, 7, 9, 0, 10, 11, 9, 4, 5, 12, 6, 7, 0, 10, 1, 0, 1, 1, 2, 11, 2, 12, 3, 3, 8, 4, 2, 3, 4, 5, 6, 4, 7, 5, 5, 6, 9, 10, 6, 7, 7] [12, 26, 26, 26, 30, 33, 33, 20, 12, 20, 26, 30, 30, 30, 12, 30, 12, 30, 20, 20, 26, 12, 30, 9, 30, 20, 26, 26, 20, 9, 16, 9, 20, 9, 9, 9, 9, 26, 26, 20, 16, 20, 16, 20, 20, 26, 9, 20, 26, 20, 26, 2, 2, 9, 2, 9, 6, 2, 6, 6, 16, 6, 9, 6, 2, 9, 0, 2, 16, 6, 2, 6, 16, 0, 6, 36, 2, 16, 0, 0, 0, 2, 36, 36, 0, 16, 0, 36, 14, 36, 2, 2, 2, 48, 14, 48, 14, 14, 14, 36, 0, 48, 36, 36, 12, 50, 50, 12, 50, 50, 12, 48, 48, 50, 12, 48, 12, 12, 12, 44, 12, 9, 48, 12, 48, 44, 26, 9, 26, 12, 44, 9, 26, 12, 44, 44, 39, 39, 26, 12, 26, 39, 9, 2, 39, 12, 25, 25, 9, 25, 39, 36, 34, 34, 25, 25, 25, 34, 25, 34, 25, 2, 1, 2, 2, 36, 34, 34, 2, 34, 34, 44, 36, 44, 10, 1, 10, 1, 36, 10, 36, 1, 10, 33, 1, 44, 44, 10, 1, 1, 44, 1, 44, 10, 10, 33, 33, 44, 44, 10]
(1134, 50)
[15, 13, 14, 15, 0, 11, 12, 8, 16, 9, 16, 1, 2, 3, 17, 4, 18, 5, 10, 11, 17, 19, 6, 20, 7, 12, 18, 19, 0, 21, 0, 22, 1, 23, 24, 13, 14, 20, 21, 2, 1, 3, 2, 4, 5, 22, 15, 6, 23, 7, 24, 13, 14, 16, 15, 17, 0, 16, 1, 2, 3, 3, 18, 4, 17, 19, 20, 18, 4, 5, 19, 6, 5, 21, 7, 0, 20, 6, 22, 23, 24, 21, 1, 2, 0, 7, 1, 3, 8, 4, 22, 23, 24, 0, 9, 1, 10, 11, 12, 5, 2, 2, 6, 7, 0, 3, 4, 1, 5, 6, 8, 3, 4, 7, 2, 5, 9, 10, 11, 8, 12, 8, 6, 3, 7, 9, 8, 9, 9, 4, 10, 10, 10, 5, 11, 12, 8, 9, 11, 6, 12, 10, 11, 8, 11, 7, 0, 1, 12, 2, 12, 8, 0, 1, 3, 4, 5, 2, 6, 3, 7, 9, 0, 10, 11, 9, 4, 5, 12, 6, 7, 0, 10, 1, 0, 1, 1, 2, 11, 2, 12, 3, 3, 8, 4, 2, 3, 4, 5, 6, 4, 7, 5, 5, 6, 9, 10, 6, 7, 7] [12, 26, 26, 26, 30, 33, 33, 20, 12, 20, 26, 30, 30, 30, 12, 30, 12, 30, 20, 20, 26, 12, 30, 12, 30, 20, 26, 26, 20, 12, 16, 12, 20, 12, 12, 9, 9, 26, 26, 20, 16, 20, 16, 20, 20, 26, 9, 20, 26, 20, 26, 2, 2, 9, 2, 9, 6, 2, 6, 6, 16, 6, 9, 6, 2, 9, 9, 2, 16, 6, 2, 6, 16, 9, 6, 36, 2, 16, 9, 9, 9, 2, 36, 36, 0, 16, 0, 36, 14, 36, 2, 2, 2, 47, 14, 47, 14, 14, 14, 36, 0, 47, 36, 36, 12, 0, 0, 12, 0, 0, 12, 47, 47, 0, 12, 47, 12, 12, 12, 44, 12, 9, 47, 12, 47, 44, 26, 9, 26, 12, 44, 9, 26, 12, 44, 44, 39, 39, 26, 12, 26, 39, 9, 2, 39, 12, 25, 25, 9, 25, 39, 36, 34, 34, 25, 25, 25, 34, 25, 34, 25, 2, 1, 2, 2, 36, 34, 34, 2, 34, 34, 44, 36, 44, 10, 1, 10, 1, 36, 10, 36, 1, 10, 33, 1, 44, 44, 10, 1, 1, 44, 1, 44, 10, 10, 33, 33, 44, 44, 10]
(1158, 47)
[19, 5, 6, 7, 0, 8, 9, 10, 20, 11, 8, 1, 2, 3, 21, 4, 22, 5, 12, 8, 9, 23, 6, 24, 7, 9, 10, 11, 0, 13, 10, 14, 1, 15, 16, 17, 18, 12, 13, 2, 11, 3, 12, 4, 5, 14, 19, 6, 15, 7, 16, 17, 18, 20, 19, 21, 0, 20, 1, 2, 8, 3, 22, 4, 21, 23, 24, 22, 9, 5, 23, 6, 10, 13, 7, 0, 24, 11, 14, 15, 16, 13, 1, 2, 17, 12, 18, 3, 8, 4, 14, 15, 16, 17, 9, 18, 10, 11, 12, 5, 19, 19, 6, 7, 0, 20, 21, 1, 22, 23, 0, 20, 21, 24, 2, 22, 1, 2, 3, 0, 4, 8, 23, 3, 24, 1, 8, 9, 9, 4, 2, 10, 10, 5, 3, 4, 5, 6, 11, 6, 12, 7, 11, 8, 8, 7, 0, 1, 12, 2, 9, 10, 0, 1, 3, 4, 5, 2, 6, 3, 7, 9, 0, 10, 11, 11, 4, 5, 12, 6, 7, 0, 12, 1, 0, 1, 1, 2, 8, 2, 9, 3, 3, 10, 4, 2, 3, 4, 5, 6, 4, 7, 5, 5, 6, 11, 12, 6, 7, 7] [15, 16, 16, 16, 30, 38, 38, 38, 15, 38, 12, 30, 30, 30, 15, 30, 15, 30, 38, 36, 12, 15, 30, 15, 30, 36, 12, 12, 20, 12, 36, 12, 20, 12, 12, 12, 12, 12, 26, 20, 36, 20, 36, 20, 20, 26, 12, 20, 26, 20, 26, 26, 26, 12, 26, 12, 6, 26, 6, 6, 33, 6, 12, 6, 26, 12, 12, 26, 33, 6, 26, 6, 33, 9, 6, 36, 26, 33, 9, 9, 9, 2, 36, 36, 9, 33, 9, 36, 20, 36, 2, 2, 2, 2, 20, 2, 20, 20, 20, 36, 9, 2, 36, 36, 12, 9, 9, 12, 9, 9, 16, 2, 2, 9, 12, 2, 16, 16, 16, 0, 16, 9, 2, 12, 2, 0, 26, 9, 26, 12, 0, 9, 26, 12, 0, 0, 0, 0, 26, 12, 26, 0, 9, 2, 44, 12, 25, 25, 9, 25, 44, 44, 34, 34, 25, 25, 25, 34, 25, 34, 25, 2, 1, 2, 2, 44, 34, 34, 2, 34, 34, 44, 44, 44, 10, 1, 10, 1, 15, 10, 15, 1, 10, 15, 1, 44, 44, 10, 1, 1, 44, 1, 44, 10, 10, 15, 15, 44, 44, 10]
(1174, 46)
[19, 5, 6, 7, 0, 8, 9, 10, 20, 11, 8, 1, 2, 3, 21, 4, 22, 5, 12, 8, 9, 23, 6, 24, 7, 9, 10, 11, 0, 13, 10, 14, 1, 15, 16, 17, 18, 12, 13, 2, 11, 3, 12, 4, 5, 14, 19, 6, 15, 7, 16, 17, 18, 20, 19, 21, 0, 20, 1, 2, 8, 3, 22, 4, 21, 23, 24, 22, 9, 5, 23, 6, 10, 13, 7, 0, 24, 11, 14, 15, 16, 13, 1, 2, 17, 12, 18, 3, 8, 4, 14, 15, 16, 17, 9, 18, 10, 11, 12, 5, 19, 19, 6, 7, 0, 20, 21, 1, 22, 23, 0, 20, 21, 24, 2, 22, 1, 2, 3, 0, 4, 8, 23, 3, 24, 1, 0, 9, 1, 4, 2, 10, 2, 5, 3, 4, 5, 6, 3, 6, 4, 7, 11, 5, 8, 7, 0, 1, 12, 2, 9, 10, 0, 1, 3, 4, 5, 2, 6, 3, 7, 6, 0, 7, 8, 11, 4, 5, 9, 6, 7, 10, 12, 11, 0, 1, 1, 2, 8, 2, 9, 3, 3, 10, 4, 12, 8, 4, 5, 6, 9, 7, 10, 5, 6, 11, 12, 11, 12, 7] [15, 16, 16, 16, 30, 38, 38, 38, 15, 38, 12, 30, 30, 30, 15, 30, 15, 30, 38, 36, 12, 15, 30, 15, 30, 36, 12, 12, 20, 12, 36, 12, 20, 12, 12, 12, 12, 12, 26, 20, 36, 20, 36, 20, 20, 26, 12, 20, 26, 20, 26, 26, 26, 12, 26, 12, 6, 26, 6, 6, 33, 6, 12, 6, 26, 12, 12, 26, 33, 6, 26, 6, 33, 9, 6, 36, 26, 33, 9, 9, 9, 2, 36, 36, 9, 33, 9, 36, 20, 36, 2, 2, 2, 2, 20, 2, 20, 20, 20, 36, 9, 2, 36, 36, 12, 9, 9, 12, 9, 9, 16, 2, 2, 9, 12, 2, 16, 16, 16, 0, 16, 9, 2, 12, 2, 0, 43, 9, 43, 12, 0, 9, 43, 12, 0, 0, 0, 0, 43, 12, 43, 0, 9, 43, 44, 12, 25, 25, 9, 25, 44, 44, 34, 34, 25, 25, 25, 34, 25, 34, 25, 43, 1, 43, 26, 44, 34, 34, 26, 34, 34, 26, 44, 26, 10, 1, 10, 1, 15, 10, 15, 1, 10, 15, 1, 26, 2, 10, 1, 1, 2, 1, 2, 10, 10, 15, 15, 2, 2, 10]
(1190, 45)
[19, 5, 6, 7, 0, 8, 9, 10, 20, 11, 8, 1, 2, 3, 21, 4, 22, 5, 12, 8, 9, 23, 6, 24, 7, 9, 10, 11, 0, 13, 10, 14, 1, 15, 16, 17, 18, 12, 0, 2, 11, 3, 12, 4, 5, 1, 19, 6, 2, 7, 3, 4, 5, 20, 6, 21, 0, 7, 1, 2, 8, 3, 22, 4, 13, 23, 24, 14, 9, 5, 15, 6, 10, 13, 7, 0, 16, 11, 14, 15, 16, 17, 1, 2, 17, 12, 18, 3, 8, 4, 18, 19, 20, 21, 9, 22, 10, 11, 12, 5, 19, 23, 6, 7, 0, 20, 21, 1, 22, 23, 0, 24, 13, 24, 2, 14, 1, 2, 3, 0, 4, 8, 15, 3, 16, 1, 17, 9, 18, 4, 2, 10, 19, 5, 3, 4, 5, 6, 20, 6, 21, 7, 11, 22, 8, 7, 0, 1, 12, 2, 9, 10, 0, 1, 3, 4, 5, 2, 6, 3, 7, 23, 0, 24, 8, 11, 4, 5, 9, 6, 7, 10, 12, 11, 0, 1, 1, 2, 8, 2, 9, 3, 3, 10, 4, 12, 8, 4, 5, 6, 9, 7, 10, 5, 6, 11, 12, 11, 12, 7] [15, 16, 16, 16, 30, 38, 38, 38, 15, 38, 12, 30, 30, 30, 15, 30, 15, 30, 38, 36, 12, 15, 30, 15, 30, 36, 12, 12, 20, 12, 36, 12, 20, 12, 12, 12, 12, 12, 42, 20, 36, 20, 36, 20, 20, 42, 12, 20, 42, 20, 42, 42, 42, 12, 42, 12, 6, 42, 6, 6, 33, 6, 12, 6, 26, 12, 12, 26, 33, 6, 26, 6, 33, 9, 6, 36, 26, 33, 9, 9, 9, 26, 36, 36, 9, 33, 9, 36, 20, 36, 26, 26, 26, 26, 20, 26, 20, 20, 20, 36, 9, 26, 36, 36, 12, 9, 9, 12, 9, 9, 16, 26, 2, 9, 12, 2, 16, 16, 16, 0, 16, 9, 2, 12, 2, 0, 2, 9, 2, 12, 0, 9, 2, 12, 0, 0, 0, 0, 2, 12, 2, 0, 9, 2, 44, 12, 25, 25, 9, 25, 44, 44, 34, 34, 25, 25, 25, 34, 25, 34, 25, 2, 1, 2, 26, 44, 34, 34, 26, 34, 34, 26, 44, 26, 10, 1, 10, 1, 15, 10, 15, 1, 10, 15, 1, 26, 2, 10, 1, 1, 2, 1, 2, 10, 10, 15, 15, 2, 2, 10]
(1203, 42)
[14, 10, 11, 12, 0, 0, 1, 2, 15, 3, 0, 1, 2, 3, 16, 4, 17, 5, 4, 5, 1, 18, 6, 19, 7, 6, 2, 3, 0, 20, 7, 21, 1, 22, 23, 24, 13, 4, 5, 2, 8, 3, 9, 4, 5, 6, 14, 6, 7, 7, 8, 9, 10, 15, 11, 16, 0, 12, 1, 2, 10, 3, 17, 4, 13, 18, 19, 14, 11, 5, 15, 6, 12, 20, 7, 0, 16, 8, 21, 22, 23, 17, 1, 2, 24, 9, 13, 3, 10, 4, 18, 19, 20, 21, 11, 22, 12, 8, 9, 5, 14, 23, 6, 7, 0, 15, 16, 1, 17, 18, 10, 24, 13, 19, 2, 14, 11, 12, 8, 20, 9, 8, 15, 3, 16, 21, 17, 9, 18, 4, 22, 10, 19, 5, 23, 24, 0, 1, 20, 6, 21, 2, 11, 22, 3, 7, 0, 1, 12, 2, 4, 5, 0, 1, 3, 4, 5, 2, 6, 3, 7, 23, 0, 24, 8, 6, 4, 5, 9, 6, 7, 10, 7, 11, 0, 1, 1, 2, 8, 2, 9, 3, 3, 10, 4, 12, 8, 4, 5, 6, 9, 7, 10, 5, 6, 11, 12, 11, 12, 7] [15, 20, 20, 20, 30, 40, 40, 40, 15, 40, 16, 30, 30, 30, 15, 30, 15, 30, 40, 40, 16, 15, 30, 15, 30, 40, 16, 16, 20, 15, 40, 15, 20, 15, 15, 15, 12, 16, 16, 20, 38, 20, 38, 20, 20, 16, 12, 20, 16, 20, 12, 12, 12, 12, 12, 12, 6, 12, 6, 6, 38, 6, 12, 6, 26, 12, 12, 26, 38, 6, 26, 6, 38, 12, 6, 36, 26, 36, 12, 12, 12, 26, 36, 36, 12, 36, 9, 36, 36, 36, 26, 26, 26, 26, 36, 26, 36, 33, 33, 36, 9, 26, 36, 36, 12, 9, 9, 12, 9, 9, 33, 26, 2, 9, 12, 2, 33, 33, 20, 9, 20, 9, 2, 12, 2, 9, 2, 9, 2, 12, 9, 9, 2, 12, 9, 9, 0, 0, 2, 12, 2, 0, 9, 2, 0, 12, 25, 25, 9, 25, 0, 0, 34, 34, 25, 25, 25, 34, 25, 34, 25, 2, 1, 2, 26, 0, 34, 34, 26, 34, 34, 26, 0, 26, 10, 1, 10, 1, 15, 10, 15, 1, 10, 15, 1, 26, 2, 10, 1, 1, 2, 1, 2, 10, 10, 15, 15, 2, 2, 10]
(1222, 40)
[23, 10, 11, 12, 0, 10, 11, 12, 24, 8, 0, 1, 2, 3, 13, 4, 14, 5, 9, 10, 1, 15, 6, 16, 7, 11, 2, 3, 0, 17, 12, 18, 1, 19, 20, 21, 22, 4, 5, 2, 8, 3, 9, 4, 5, 6, 23, 6, 7, 7, 8, 9, 10, 24, 11, 13, 0, 12, 1, 2, 10, 3, 14, 4, 13, 15, 16, 14, 11, 5, 15, 6, 12, 17, 7, 0, 16, 8, 18, 19, 20, 17, 1, 2, 21, 9, 22, 3, 10, 4, 18, 19, 20, 21, 11, 22, 12, 8, 9, 5, 23, 23, 6, 7, 0, 24, 13, 1, 14, 15, 10, 24, 13, 16, 2, 14, 11, 12, 8, 17, 9, 8, 15, 3, 16, 18, 17, 9, 18, 4, 19, 10, 19, 5, 20, 21, 22, 23, 20, 6, 21, 24, 11, 22, 0, 7, 0, 1, 12, 2, 1, 2, 0, 1, 3, 4, 5, 2, 6, 3, 7, 23, 0, 24, 8, 3, 4, 5, 9, 6, 7, 10, 4, 11, 0, 1, 1, 2, 5, 2, 6, 3, 3, 7, 4, 12, 8, 4, 5, 6, 9, 7, 10, 5, 6, 8, 9, 11, 12, 7] [20, 20, 20, 20, 30, 15, 15, 15, 20, 6, 16, 30, 30, 30, 15, 30, 15, 30, 6, 6, 16, 15, 30, 15, 30, 6, 16, 16, 20, 15, 6, 15, 20, 15, 15, 15, 15, 16, 16, 20, 38, 20, 38, 20, 20, 16, 15, 20, 16, 20, 12, 12, 12, 15, 12, 12, 6, 12, 6, 6, 38, 6, 12, 6, 26, 12, 12, 26, 38, 6, 26, 6, 38, 12, 6, 36, 26, 36, 12, 12, 12, 26, 36, 36, 12, 36, 12, 36, 36, 36, 26, 26, 26, 26, 36, 26, 36, 33, 33, 36, 12, 26, 36, 36, 12, 12, 9, 12, 9, 9, 33, 26, 2, 9, 12, 2, 33, 33, 20, 9, 20, 9, 2, 12, 2, 9, 2, 9, 2, 12, 9, 9, 2, 12, 9, 9, 9, 9, 2, 12, 2, 9, 9, 2, 0, 12, 25, 25, 9, 25, 0, 0, 34, 34, 25, 25, 25, 34, 25, 34, 25, 2, 1, 2, 26, 0, 34, 34, 26, 34, 34, 26, 0, 26, 10, 1, 10, 1, 0, 10, 0, 1, 10, 0, 1, 26, 2, 10, 1, 1, 2, 1, 2, 10, 10, 15, 15, 2, 2, 10]
(1258, 39)
[21, 10, 11, 12, 10, 10, 11, 12, 22, 8, 0, 11, 12, 8, 23, 9, 24, 10, 9, 10, 1, 13, 11, 14, 12, 11, 2, 3, 0, 15, 12, 16, 1, 17, 18, 19, 20, 4, 5, 2, 8, 3, 9, 4, 5, 6, 21, 6, 7, 7, 8, 9, 10, 22, 11, 23, 0, 12, 1, 2, 10, 3, 24, 4, 13, 13, 14, 14, 11, 5, 15, 6, 12, 15, 7, 0, 16, 8, 16, 17, 18, 17, 1, 2, 19, 9, 20, 3, 10, 4, 18, 19, 20, 21, 11, 22, 12, 8, 9, 5, 21, 23, 6, 7, 0, 22, 23, 1, 24, 13, 10, 24, 13, 14, 2, 14, 11, 12, 8, 15, 9, 8, 15, 3, 16, 16, 17, 9, 18, 4, 17, 10, 19, 5, 18, 19, 20, 21, 20, 6, 21, 22, 11, 22, 23, 7, 0, 1, 12, 2, 24, 0, 0, 1, 3, 4, 5, 2, 6, 3, 7, 23, 0, 24, 0, 1, 4, 5, 1, 6, 7, 2, 2, 3, 0, 1, 1, 2, 3, 2, 4, 3, 3, 5, 4, 4, 5, 4, 5, 6, 6, 7, 7, 5, 6, 6, 7, 8, 9, 7] [20, 20, 20, 20, 25, 30, 30, 30, 20, 15, 16, 25, 25, 1, 20, 1, 20, 1, 15, 15, 16, 15, 1, 15, 1, 15, 16, 16, 20, 15, 15, 15, 20, 15, 15, 15, 15, 16, 16, 20, 6, 20, 6, 20, 20, 16, 15, 20, 16, 20, 12, 12, 12, 15, 12, 15, 6, 12, 6, 6, 6, 6, 15, 6, 26, 12, 12, 26, 6, 6, 26, 6, 6, 12, 6, 33, 26, 36, 12, 12, 12, 26, 33, 33, 12, 36, 12, 33, 36, 33, 26, 26, 26, 26, 36, 26, 36, 33, 33, 33, 12, 26, 33, 33, 12, 12, 12, 12, 12, 9, 33, 26, 2, 9, 12, 2, 33, 33, 20, 9, 20, 9, 2, 12, 2, 9, 2, 9, 2, 12, 9, 9, 2, 12, 9, 9, 9, 9, 2, 12, 2, 9, 9, 2, 9, 12, 25, 25, 9, 25, 9, 0, 10, 10, 25, 25, 25, 10, 25, 10, 25, 2, 1, 2, 30, 0, 10, 10, 30, 10, 10, 30, 0, 30, 37, 1, 37, 1, 0, 37, 0, 1, 37, 0, 1, 30, 30, 37, 1, 1, 30, 1, 30, 37, 37, 0, 0, 26, 26, 37]
(1288, 38)
[23, 10, 11, 12, 10, 19, 20, 21, 24, 22, 0, 11, 12, 8, 13, 9, 14, 10, 23, 24, 1, 15, 11, 16, 12, 8, 2, 3, 0, 17, 9, 18, 1, 19, 20, 21, 22, 4, 5, 2, 10, 3, 11, 4, 5, 6, 23, 6, 7, 7, 8, 9, 10, 24, 11, 13, 0, 12, 1, 2, 12, 3, 14, 4, 13, 15, 16, 14, 8, 5, 15, 6, 9, 17, 7, 0, 16, 10, 18, 19, 20, 17, 1, 2, 21, 11, 22, 3, 12, 4, 18, 19, 20, 21, 8, 22, 9, 10, 11, 5, 23, 23, 6, 7, 0, 24, 13, 1, 14, 15, 12, 24, 13, 16, 2, 14, 8, 9, 10, 17, 11, 12, 15, 3, 16, 18, 17, 8, 18, 4, 0, 9, 19, 5, 1, 2, 3, 4, 20, 6, 21, 5, 10, 22, 6, 7, 0, 1, 11, 2, 7, 0, 12, 8, 3, 4, 5, 9, 6, 8, 7, 23, 0, 24, 0, 1, 9, 10, 1, 11, 12, 2, 2, 3, 0, 1, 1, 2, 3, 2, 4, 3, 3, 5, 4, 4, 5, 4, 5, 6, 6, 7, 7, 5, 6, 6, 7, 8, 9, 7] [20, 20, 20, 20, 25, 9, 9, 9, 20, 9, 16, 25, 25, 1, 15, 1, 15, 1, 9, 9, 16, 15, 1, 15, 1, 30, 16, 16, 20, 15, 30, 15, 20, 15, 15, 15, 15, 16, 16, 20, 30, 20, 30, 20, 20, 16, 15, 20, 16, 20, 12, 12, 12, 15, 12, 12, 6, 12, 6, 6, 30, 6, 12, 6, 26, 12, 12, 26, 15, 6, 26, 6, 15, 12, 6, 33, 26, 15, 12, 12, 12, 26, 33, 33, 12, 15, 12, 33, 15, 33, 26, 26, 26, 26, 6, 26, 6, 6, 6, 33, 12, 26, 33, 33, 12, 12, 9, 12, 9, 9, 6, 26, 2, 9, 12, 2, 36, 36, 36, 9, 36, 36, 2, 12, 2, 9, 2, 33, 2, 12, 0, 33, 2, 12, 0, 0, 0, 0, 2, 12, 2, 0, 33, 2, 0, 12, 25, 25, 33, 25, 0, 37, 33, 20, 25, 25, 25, 20, 25, 9, 25, 2, 1, 2, 30, 37, 9, 9, 30, 9, 9, 30, 37, 30, 10, 1, 10, 1, 37, 10, 37, 1, 10, 37, 1, 30, 30, 10, 1, 1, 30, 1, 30, 10, 10, 37, 37, 26, 26, 10]
(1306, 37)
[15, 10, 11, 12, 10, 19, 20, 21, 16, 22, 0, 11, 12, 8, 17, 9, 18, 10, 23, 24, 1, 19, 11, 20, 12, 8, 2, 3, 0, 21, 9, 22, 1, 23, 24, 13, 14, 4, 5, 2, 10, 3, 11, 4, 5, 6, 15, 6, 7, 7, 8, 9, 10, 16, 11, 17, 0, 12, 1, 2, 12, 3, 18, 4, 13, 19, 20, 14, 8, 5, 15, 6, 9, 21, 7, 0, 16, 10, 22, 23, 24, 17, 1, 2, 13, 11, 14, 3, 12, 4, 18, 19, 20, 21, 8, 22, 9, 10, 11, 5, 15, 23, 6, 7, 0, 16, 17, 1, 18, 19, 12, 24, 13, 20, 2, 14, 8, 9, 10, 21, 11, 12, 15, 3, 16, 22, 17, 8, 18, 4, 23, 9, 19, 5, 24, 13, 14, 15, 20, 6, 21, 16, 10, 22, 17, 7, 0, 1, 11, 2, 18, 0, 12, 8, 3, 4, 5, 9, 6, 8, 7, 23, 0, 24, 0, 1, 9, 10, 1, 11, 12, 2, 2, 3, 0, 1, 1, 2, 3, 2, 4, 3, 3, 5, 4, 4, 5, 4, 5, 6, 6, 7, 7, 5, 6, 6, 7, 8, 9, 7] [20, 20, 20, 20, 25, 9, 9, 9, 20, 9, 16, 25, 25, 1, 20, 1, 20, 1, 9, 9, 16, 20, 1, 20, 1, 35, 16, 16, 20, 20, 35, 20, 20, 20, 20, 15, 15, 16, 16, 20, 35, 20, 35, 20, 20, 16, 15, 20, 16, 20, 12, 12, 12, 15, 12, 15, 6, 12, 6, 6, 35, 6, 15, 6, 26, 15, 15, 26, 30, 6, 26, 6, 30, 15, 6, 33, 26, 30, 15, 15, 15, 26, 33, 33, 12, 30, 12, 33, 30, 33, 26, 26, 26, 26, 15, 26, 15, 15, 15, 33, 12, 26, 33, 33, 12, 12, 12, 12, 12, 12, 15, 26, 2, 12, 12, 2, 6, 6, 6, 12, 6, 6, 2, 12, 2, 12, 2, 33, 2, 12, 12, 33, 2, 12, 12, 9, 9, 9, 2, 12, 2, 9, 33, 2, 9, 12, 25, 25, 33, 25, 9, 0, 33, 20, 25, 25, 25, 20, 25, 9, 25, 2, 1, 2, 30, 0, 9, 9, 30, 9, 9, 30, 0, 30, 10, 1, 10, 1, 0, 10, 0, 1, 10, 0, 1, 30, 30, 10, 1, 1, 30, 1, 30, 10, 10, 0, 0, 26, 26, 10]
(1353, 36)
[24, 12, 8, 9, 10, 20, 21, 22, 0, 23, 10, 11, 12, 8, 1, 9, 2, 10, 24, 13, 11, 3, 11, 4, 12, 14, 12, 8, 0, 5, 15, 6, 1, 7, 13, 14, 15, 9, 10, 2, 16, 3, 17, 4, 5, 11, 16, 6, 12, 7, 0, 1, 2, 17, 3, 18, 0, 4, 1, 2, 18, 3, 19, 4, 5, 20, 21, 6, 19, 5, 7, 6, 20, 22, 7, 0, 8, 21, 23, 24, 13, 9, 1, 2, 14, 22, 15, 3, 23, 4, 10, 11, 12, 13, 24, 14, 8, 9, 10, 5, 16, 15, 6, 7, 0, 17, 18, 1, 19, 20, 11, 16, 17, 21, 2, 18, 8, 9, 10, 22, 11, 12, 19, 3, 20, 23, 21, 8, 22, 4, 24, 9, 23, 5, 13, 14, 15, 16, 24, 6, 13, 17, 10, 14, 18, 7, 0, 1, 11, 2, 19, 0, 0, 1, 3, 4, 5, 2, 6, 3, 7, 15, 0, 16, 17, 1, 4, 5, 18, 6, 7, 19, 2, 20, 0, 1, 1, 2, 3, 2, 4, 3, 3, 5, 4, 21, 22, 4, 5, 6, 23, 7, 24, 5, 6, 6, 7, 8, 9, 7] [33, 31, 7, 7, 25, 12, 12, 12, 24, 12, 7, 25, 25, 1, 24, 1, 24, 1, 12, 9, 7, 24, 1, 24, 1, 9, 7, 20, 30, 24, 9, 24, 30, 24, 20, 20, 20, 20, 20, 30, 9, 30, 9, 30, 30, 20, 20, 30, 20, 30, 16, 16, 16, 20, 16, 20, 20, 16, 20, 20, 9, 20, 20, 20, 16, 20, 20, 16, 9, 20, 16, 20, 9, 20, 20, 6, 12, 9, 20, 20, 15, 12, 6, 6, 15, 9, 15, 6, 9, 6, 12, 12, 12, 26, 9, 26, 30, 30, 30, 6, 15, 26, 6, 6, 12, 15, 15, 12, 15, 15, 30, 26, 26, 15, 12, 26, 15, 15, 15, 15, 15, 15, 26, 12, 26, 15, 26, 33, 26, 12, 15, 33, 26, 12, 12, 12, 12, 12, 26, 12, 2, 12, 33, 2, 12, 12, 25, 25, 33, 25, 12, 0, 34, 34, 25, 25, 25, 34, 25, 34, 25, 2, 1, 2, 2, 0, 34, 34, 2, 34, 34, 2, 0, 2, 10, 1, 10, 1, 0, 10, 0, 1, 10, 0, 1, 2, 2, 10, 1, 1, 2, 1, 2, 10, 10, 0, 0, 26, 26, 10]
(1377, 35)
[24, 12, 8, 9, 10, 24, 13, 14, 0, 15, 10, 11, 12, 8, 1, 9, 2, 10, 16, 17, 11, 3, 11, 4, 12, 18, 12, 8, 0, 5, 19, 6, 1, 7, 13, 14, 15, 9, 10, 2, 20, 3, 21, 4, 5, 11, 16, 6, 12, 7, 0, 1, 2, 17, 3, 18, 0, 4, 1, 2, 22, 3, 19, 4, 5, 20, 21, 6, 23, 5, 7, 6, 24, 22, 7, 0, 8, 13, 23, 24, 13, 9, 1, 2, 14, 14, 15, 3, 15, 4, 10, 11, 12, 13, 16, 14, 17, 18, 19, 5, 16, 15, 6, 7, 0, 17, 18, 1, 19, 20, 20, 16, 17, 21, 2, 18, 21, 22, 23, 22, 24, 8, 19, 3, 20, 23, 21, 9, 22, 4, 0, 10, 23, 5, 1, 2, 3, 4, 24, 6, 13, 5, 11, 14, 6, 7, 0, 1, 8, 2, 7, 0, 9, 10, 3, 4, 5, 11, 6, 12, 7, 15, 0, 16, 17, 1, 8, 9, 18, 10, 11, 19, 2, 20, 0, 1, 1, 2, 3, 2, 4, 3, 3, 5, 4, 21, 22, 4, 5, 6, 23, 7, 24, 5, 6, 6, 7, 8, 9, 7] [33, 31, 7, 7, 25, 14, 12, 12, 24, 12, 7, 25, 25, 1, 24, 1, 24, 1, 12, 12, 7, 24, 1, 24, 1, 12, 7, 20, 30, 24, 12, 24, 30, 24, 20, 20, 20, 20, 20, 30, 12, 30, 12, 30, 30, 20, 20, 30, 20, 30, 16, 16, 16, 20, 16, 20, 20, 16, 20, 20, 12, 20, 20, 20, 16, 20, 20, 16, 12, 20, 16, 20, 12, 20, 20, 6, 12, 9, 20, 20, 15, 12, 6, 6, 15, 9, 15, 6, 9, 6, 12, 12, 12, 26, 9, 26, 9, 9, 9, 6, 15, 26, 6, 6, 12, 15, 15, 12, 15, 15, 9, 26, 26, 15, 12, 26, 9, 9, 9, 15, 9, 30, 26, 12, 26, 15, 26, 30, 26, 12, 0, 30, 26, 12, 0, 0, 0, 0, 26, 12, 2, 0, 30, 2, 0, 12, 25, 25, 15, 25, 0, 34, 15, 15, 25, 25, 25, 15, 25, 15, 25, 2, 1, 2, 2, 34, 33, 33, 2, 33, 33, 2, 34, 2, 10, 1, 10, 1, 34, 10, 34, 1, 10, 34, 1, 2, 2, 10, 1, 1, 2, 1, 2, 10, 10, 34, 34, 26, 26, 10]
(1393, 34)
[16, 12, 8, 9, 10, 24, 13, 14, 17, 15, 10, 11, 12, 8, 18, 9, 19, 10, 16, 17, 11, 20, 11, 21, 12, 18, 12, 8, 0, 22, 19, 23, 1, 24, 0, 1, 2, 9, 10, 2, 20, 3, 21, 4, 5, 11, 3, 6, 12, 7, 0, 1, 2, 4, 3, 5, 0, 4, 1, 2, 22, 3, 6, 4, 5, 7, 13, 6, 23, 5, 7, 6, 24, 14, 7, 0, 8, 13, 15, 16, 17, 9, 1, 2, 18, 14, 19, 3, 15, 4, 10, 11, 12, 13, 16, 14, 17, 18, 19, 5, 20, 15, 6, 7, 0, 21, 22, 1, 23, 24, 20, 16, 17, 13, 2, 18, 21, 22, 23, 14, 24, 8, 19, 3, 20, 15, 21, 9, 22, 4, 16, 10, 23, 5, 17, 18, 19, 20, 24, 6, 13, 21, 11, 14, 22, 7, 0, 1, 8, 2, 23, 0, 9, 10, 3, 4, 5, 11, 6, 8, 7, 15, 0, 16, 17, 1, 9, 10, 18, 11, 12, 19, 2, 20, 0, 1, 1, 2, 3, 2, 4, 3, 3, 5, 4, 21, 22, 4, 5, 6, 23, 7, 24, 5, 6, 6, 7, 8, 9, 7] [33, 31, 7, 7, 25, 14, 12, 12, 33, 12, 7, 25, 25, 1, 33, 1, 33, 1, 12, 12, 7, 33, 1, 33, 1, 12, 7, 20, 30, 33, 12, 33, 30, 33, 24, 24, 24, 20, 20, 30, 12, 30, 12, 30, 30, 20, 24, 30, 20, 30, 16, 16, 16, 24, 16, 24, 20, 16, 20, 20, 12, 20, 24, 20, 16, 24, 20, 16, 12, 20, 16, 20, 12, 20, 20, 6, 12, 9, 20, 20, 20, 12, 6, 6, 20, 9, 20, 6, 9, 6, 12, 12, 12, 26, 9, 26, 9, 9, 9, 6, 20, 26, 6, 6, 12, 20, 20, 12, 20, 20, 9, 26, 26, 15, 12, 26, 9, 9, 9, 15, 9, 32, 26, 12, 26, 15, 26, 32, 26, 12, 15, 32, 26, 12, 15, 15, 15, 15, 26, 12, 2, 15, 32, 2, 15, 12, 25, 25, 30, 25, 15, 0, 30, 30, 25, 25, 25, 30, 25, 15, 25, 2, 1, 2, 2, 0, 15, 15, 2, 15, 15, 2, 0, 2, 10, 1, 10, 1, 0, 10, 0, 1, 10, 0, 1, 2, 2, 10, 1, 1, 2, 1, 2, 10, 10, 0, 0, 26, 26, 10]
(1436, 33)
[8, 12, 8, 9, 2, 20, 21, 22, 9, 23, 10, 3, 4, 5, 10, 6, 11, 7, 24, 13, 11, 12, 8, 0, 9, 14, 12, 8, 10, 1, 15, 2, 11, 3, 4, 5, 6, 9, 10, 12, 16, 8, 17, 9, 10, 11, 7, 11, 12, 12, 0, 1, 2, 0, 3, 1, 0, 4, 1, 2, 18, 3, 2, 4, 5, 3, 4, 6, 19, 5, 7, 6, 20, 5, 7, 0, 8, 21, 6, 7, 13, 9, 1, 2, 14, 22, 15, 3, 23, 4, 10, 11, 12, 13, 24, 14, 13, 14, 15, 5, 16, 15, 6, 7, 0, 17, 18, 1, 19, 20, 16, 16, 17, 21, 2, 18, 17, 18, 19, 22, 20, 21, 19, 3, 20, 23, 21, 22, 22, 4, 24, 23, 23, 5, 13, 14, 15, 16, 24, 6, 13, 17, 24, 14, 18, 7, 0, 1, 8, 2, 19, 0, 9, 10, 3, 4, 5, 11, 6, 12, 7, 15, 0, 16, 17, 1, 8, 9, 18, 10, 11, 19, 2, 20, 0, 1, 1, 2, 3, 2, 4, 3, 3, 5, 4, 21, 22, 4, 5, 6, 23, 7, 24, 5, 6, 6, 7, 0, 1, 7] [6, 15, 7, 7, 29, 14, 14, 14, 6, 14, 7, 29, 29, 29, 6, 29, 6, 29, 14, 12, 7, 6, 25, 5, 25, 12, 7, 20, 25, 5, 12, 5, 25, 5, 5, 5, 5, 20, 20, 25, 12, 1, 12, 1, 1, 20, 5, 1, 20, 1, 16, 16, 16, 24, 16, 24, 20, 16, 20, 20, 12, 20, 24, 20, 16, 24, 24, 16, 12, 20, 16, 20, 12, 24, 20, 6, 12, 12, 24, 24, 20, 12, 6, 6, 20, 12, 20, 6, 12, 6, 12, 12, 12, 26, 12, 26, 9, 9, 9, 6, 20, 26, 6, 6, 12, 20, 20, 12, 20, 20, 9, 26, 26, 20, 12, 26, 9, 9, 9, 20, 9, 9, 26, 12, 26, 20, 26, 9, 26, 12, 20, 9, 26, 12, 15, 15, 15, 15, 26, 12, 2, 15, 9, 2, 15, 12, 25, 25, 30, 25, 15, 0, 30, 30, 25, 25, 25, 30, 25, 30, 25, 2, 1, 2, 2, 0, 15, 15, 2, 15, 15, 2, 0, 2, 10, 1, 10, 1, 0, 10, 0, 1, 10, 0, 1, 2, 2, 10, 1, 1, 2, 1, 2, 10, 10, 0, 0, 30, 30, 10]
(1444, 32)
[8, 24, 8, 9, 7, 14, 15, 16, 9, 17, 10, 8, 9, 10, 10, 11, 11, 12, 18, 19, 11, 12, 8, 8, 9, 20, 12, 8, 10, 9, 21, 10, 11, 11, 12, 0, 1, 9, 10, 12, 22, 8, 23, 9, 10, 11, 2, 11, 12, 12, 0, 1, 2, 3, 3, 4, 0, 4, 1, 2, 13, 3, 5, 4, 5, 6, 7, 6, 14, 5, 13, 6, 15, 0, 7, 0, 14, 16, 1, 2, 3, 15, 1, 2, 4, 17, 5, 3, 18, 4, 16, 17, 18, 19, 19, 20, 20, 21, 22, 5, 6, 21, 6, 7, 0, 7, 13, 1, 14, 15, 23, 22, 23, 16, 2, 24, 13, 14, 15, 17, 16, 17, 13, 3, 14, 18, 15, 18, 16, 4, 19, 19, 17, 5, 20, 21, 22, 23, 18, 6, 19, 24, 20, 20, 13, 7, 0, 1, 21, 2, 24, 0, 22, 23, 3, 4, 5, 24, 6, 8, 7, 21, 0, 22, 23, 1, 9, 10, 24, 11, 12, 0, 2, 1, 0, 1, 1, 2, 3, 2, 4, 3, 3, 5, 4, 2, 3, 4, 5, 6, 4, 7, 5, 5, 6, 6, 7, 6, 7, 7] [10, 12, 7, 7, 16, 14, 14, 14, 10, 14, 7, 12, 12, 12, 10, 12, 10, 12, 14, 14, 7, 10, 25, 6, 25, 14, 7, 20, 25, 6, 14, 6, 25, 6, 6, 5, 5, 20, 20, 25, 14, 1, 14, 1, 1, 20, 5, 1, 20, 1, 16, 16, 16, 5, 16, 5, 20, 16, 20, 20, 12, 20, 5, 20, 16, 5, 5, 16, 12, 20, 26, 20, 12, 24, 20, 6, 26, 12, 24, 24, 24, 26, 6, 6, 24, 12, 24, 6, 12, 6, 26, 26, 26, 26, 12, 26, 12, 12, 12, 6, 24, 26, 6, 6, 12, 24, 20, 12, 20, 20, 12, 26, 26, 20, 12, 26, 9, 9, 9, 20, 9, 9, 2, 12, 2, 20, 2, 9, 2, 12, 20, 9, 2, 12, 20, 20, 20, 20, 2, 12, 2, 20, 9, 2, 15, 12, 25, 25, 9, 25, 15, 0, 9, 9, 25, 25, 25, 9, 25, 30, 25, 2, 1, 2, 2, 0, 30, 30, 2, 30, 30, 29, 0, 29, 10, 1, 10, 1, 0, 10, 0, 1, 10, 0, 1, 29, 29, 10, 1, 1, 29, 1, 29, 10, 10, 0, 0, 29, 29, 10]
(1486, 31)
[2, 16, 17, 18, 7, 13, 14, 15, 3, 16, 19, 8, 9, 10, 4, 11, 5, 12, 17, 18, 20, 6, 8, 8, 9, 19, 21, 22, 10, 9, 20, 10, 11, 11, 12, 8, 9, 23, 24, 12, 21, 8, 22, 9, 10, 8, 10, 11, 9, 12, 10, 11, 12, 11, 8, 12, 0, 9, 1, 2, 23, 3, 0, 4, 10, 1, 2, 11, 24, 5, 12, 6, 13, 3, 7, 0, 0, 14, 4, 5, 6, 1, 1, 2, 7, 15, 0, 3, 13, 4, 2, 3, 4, 5, 14, 6, 15, 13, 14, 5, 1, 13, 6, 7, 0, 2, 3, 1, 4, 5, 15, 14, 15, 6, 2, 16, 16, 17, 18, 7, 19, 20, 17, 3, 18, 16, 19, 21, 20, 4, 17, 22, 21, 5, 18, 19, 20, 21, 22, 6, 23, 22, 23, 24, 23, 7, 0, 1, 24, 2, 24, 0, 0, 1, 3, 4, 5, 2, 6, 3, 7, 13, 0, 14, 15, 1, 4, 5, 16, 6, 7, 17, 2, 18, 0, 1, 1, 2, 3, 2, 4, 3, 3, 5, 4, 19, 20, 4, 5, 6, 21, 7, 22, 5, 6, 6, 7, 23, 24, 7] [19, 12, 12, 12, 16, 20, 20, 20, 19, 20, 12, 12, 12, 12, 19, 12, 19, 12, 20, 20, 12, 19, 25, 10, 25, 20, 12, 12, 25, 10, 20, 10, 25, 10, 10, 6, 6, 12, 12, 25, 20, 1, 20, 1, 1, 7, 6, 1, 7, 1, 7, 7, 7, 6, 20, 6, 20, 20, 20, 20, 20, 20, 5, 20, 20, 5, 5, 20, 20, 20, 20, 20, 14, 5, 20, 6, 16, 14, 5, 5, 5, 16, 6, 6, 5, 14, 24, 6, 12, 6, 16, 16, 16, 16, 12, 16, 12, 9, 9, 6, 24, 26, 6, 6, 12, 24, 24, 12, 24, 24, 9, 26, 26, 24, 12, 26, 9, 9, 9, 24, 9, 9, 26, 12, 26, 15, 26, 9, 26, 12, 15, 9, 26, 12, 15, 15, 15, 15, 26, 12, 26, 15, 9, 26, 15, 12, 25, 25, 9, 25, 15, 0, 29, 29, 25, 25, 25, 29, 25, 29, 25, 2, 1, 2, 2, 0, 29, 29, 2, 29, 29, 2, 0, 2, 10, 1, 10, 1, 0, 10, 0, 1, 10, 0, 1, 2, 2, 10, 1, 1, 2, 1, 2, 10, 10, 0, 0, 2, 2, 10]
(1524, 30)
[2, 16, 17, 18, 7, 10, 11, 12, 3, 8, 19, 8, 9, 10, 4, 11, 5, 12, 9, 10, 20, 6, 8, 7, 9, 11, 21, 22, 10, 0, 12, 1, 11, 2, 3, 4, 5, 23, 24, 12, 13, 8, 14, 9, 10, 8, 6, 11, 9, 12, 10, 11, 12, 8, 8, 9, 0, 9, 1, 2, 15, 3, 0, 4, 10, 1, 2, 11, 16, 5, 12, 6, 17, 3, 7, 0, 0, 18, 4, 5, 6, 1, 1, 2, 7, 19, 0, 3, 20, 4, 2, 3, 4, 5, 21, 6, 22, 23, 24, 5, 1, 13, 6, 7, 0, 2, 3, 1, 4, 5, 13, 14, 15, 6, 2, 16, 14, 15, 13, 7, 14, 15, 17, 3, 18, 16, 19, 13, 20, 4, 17, 14, 21, 5, 18, 19, 20, 21, 22, 6, 23, 22, 15, 24, 23, 7, 0, 1, 16, 2, 24, 0, 17, 18, 3, 4, 5, 19, 6, 20, 7, 13, 0, 14, 15, 1, 21, 22, 16, 23, 24, 17, 2, 18, 0, 1, 1, 2, 3, 2, 4, 3, 3, 5, 4, 19, 20, 4, 5, 6, 21, 7, 22, 5, 6, 6, 7, 23, 24, 7] [29, 12, 12, 12, 16, 5, 5, 5, 29, 10, 12, 12, 12, 12, 29, 12, 29, 12, 10, 10, 12, 29, 25, 29, 25, 10, 12, 12, 25, 19, 10, 19, 25, 19, 19, 19, 19, 12, 12, 25, 20, 1, 20, 1, 1, 7, 19, 1, 7, 1, 7, 7, 7, 6, 20, 6, 20, 20, 20, 20, 20, 20, 5, 20, 20, 5, 5, 20, 20, 20, 20, 20, 20, 5, 20, 6, 16, 20, 5, 5, 5, 16, 6, 6, 5, 20, 24, 6, 20, 6, 16, 16, 16, 16, 20, 16, 20, 20, 20, 6, 24, 26, 6, 6, 12, 24, 24, 12, 24, 24, 14, 26, 26, 24, 12, 26, 14, 14, 12, 24, 12, 12, 26, 12, 26, 15, 26, 9, 26, 12, 15, 9, 26, 12, 15, 15, 15, 15, 26, 12, 26, 15, 9, 26, 15, 12, 25, 25, 9, 25, 15, 0, 9, 9, 25, 25, 25, 9, 25, 9, 25, 2, 1, 2, 2, 0, 9, 9, 2, 9, 9, 2, 0, 2, 10, 1, 10, 1, 0, 10, 0, 1, 10, 0, 1, 2, 2, 10, 1, 1, 2, 1, 2, 10, 10, 0, 0, 2, 2, 10]
(1536, 29)
[24, 16, 17, 18, 7, 10, 11, 12, 8, 8, 19, 8, 9, 10, 9, 11, 10, 12, 9, 10, 20, 11, 8, 12, 9, 11, 21, 22, 10, 0, 12, 1, 11, 2, 3, 4, 5, 23, 24, 12, 13, 8, 14, 9, 10, 8, 6, 11, 9, 12, 10, 11, 12, 8, 8, 9, 0, 9, 1, 2, 15, 3, 0, 4, 10, 1, 2, 11, 16, 5, 12, 6, 17, 3, 7, 0, 0, 18, 4, 5, 6, 1, 1, 2, 7, 19, 0, 3, 20, 4, 2, 3, 4, 5, 21, 6, 22, 23, 24, 5, 1, 13, 6, 7, 0, 2, 3, 1, 4, 5, 13, 14, 15, 6, 2, 16, 14, 15, 13, 7, 14, 15, 17, 3, 18, 16, 19, 13, 20, 4, 17, 14, 21, 5, 18, 19, 20, 21, 22, 6, 23, 22, 15, 24, 23, 7, 0, 1, 16, 2, 24, 0, 17, 18, 3, 4, 5, 19, 6, 20, 7, 13, 0, 14, 15, 1, 21, 22, 16, 23, 24, 17, 2, 18, 0, 1, 1, 2, 3, 2, 4, 3, 3, 5, 4, 19, 20, 4, 5, 6, 21, 7, 22, 5, 6, 6, 7, 23, 24, 7] [1, 12, 12, 12, 16, 5, 5, 5, 0, 10, 12, 12, 12, 12, 0, 12, 0, 12, 10, 10, 12, 0, 25, 0, 25, 10, 12, 12, 25, 19, 10, 19, 25, 19, 19, 19, 19, 12, 12, 25, 20, 1, 20, 1, 1, 7, 19, 1, 7, 1, 7, 7, 7, 6, 20, 6, 20, 20, 20, 20, 20, 20, 5, 20, 20, 5, 5, 20, 20, 20, 20, 20, 20, 5, 20, 6, 16, 20, 5, 5, 5, 16, 6, 6, 5, 20, 24, 6, 20, 6, 16, 16, 16, 16, 20, 16, 20, 20, 20, 6, 24, 26, 6, 6, 12, 24, 24, 12, 24, 24, 14, 26, 26, 24, 12, 26, 14, 14, 12, 24, 12, 12, 26, 12, 26, 15, 26, 9, 26, 12, 15, 9, 26, 12, 15, 15, 15, 15, 26, 12, 26, 15, 9, 26, 15, 12, 25, 25, 9, 25, 15, 0, 9, 9, 25, 25, 25, 9, 25, 9, 25, 2, 1, 2, 2, 0, 9, 9, 2, 9, 9, 2, 0, 2, 10, 1, 10, 1, 0, 10, 0, 1, 10, 0, 1, 2, 2, 10, 1, 1, 2, 1, 2, 10, 10, 0, 0, 2, 2, 10]
(1632, 28)
[23, 16, 17, 18, 2, 10, 11, 12, 24, 8, 19, 3, 4, 5, 13, 6, 14, 7, 9, 10, 20, 15, 8, 16, 9, 11, 21, 22, 10, 17, 12, 18, 11, 19, 20, 21, 22, 23, 24, 12, 13, 8, 14, 9, 10, 13, 23, 11, 14, 12, 15, 16, 17, 24, 18, 8, 0, 19, 1, 2, 15, 3, 9, 4, 20, 10, 11, 21, 16, 5, 22, 6, 17, 12, 7, 0, 23, 18, 0, 1, 8, 24, 1, 2, 9, 19, 0, 3, 20, 4, 8, 9, 10, 11, 21, 12, 22, 23, 24, 5, 1, 8, 6, 7, 0, 2, 3, 1, 4, 5, 13, 9, 10, 6, 2, 11, 14, 15, 13, 7, 14, 15, 12, 3, 0, 16, 1, 13, 13, 4, 17, 14, 14, 5, 18, 19, 20, 21, 15, 6, 16, 22, 15, 17, 23, 7, 0, 1, 16, 2, 24, 0, 17, 18, 3, 4, 5, 19, 6, 20, 7, 18, 0, 19, 20, 1, 21, 22, 21, 23, 24, 22, 2, 23, 0, 1, 1, 2, 3, 2, 4, 3, 3, 5, 4, 24, 8, 4, 5, 6, 9, 7, 10, 5, 6, 6, 7, 11, 12, 7] [6, 12, 12, 12, 16, 5, 5, 5, 6, 10, 12, 16, 16, 16, 1, 16, 1, 16, 10, 10, 12, 1, 12, 1, 12, 10, 12, 12, 12, 1, 10, 1, 12, 1, 1, 1, 1, 12, 12, 12, 20, 1, 20, 1, 1, 25, 1, 1, 25, 1, 25, 25, 25, 1, 25, 0, 20, 25, 20, 20, 20, 20, 0, 20, 25, 0, 0, 25, 20, 20, 25, 20, 20, 0, 20, 6, 25, 20, 19, 19, 6, 25, 6, 6, 6, 20, 5, 6, 20, 6, 7, 7, 7, 7, 20, 7, 20, 20, 20, 6, 5, 20, 6, 6, 24, 5, 5, 24, 5, 5, 14, 20, 20, 5, 24, 20, 14, 14, 12, 5, 12, 12, 20, 24, 16, 15, 16, 9, 2, 24, 15, 9, 2, 24, 15, 15, 15, 15, 2, 24, 2, 15, 9, 2, 15, 24, 12, 12, 9, 12, 15, 0, 9, 9, 12, 12, 12, 9, 12, 9, 12, 2, 1, 2, 2, 0, 9, 9, 2, 9, 9, 2, 0, 2, 10, 1, 10, 1, 0, 10, 0, 1, 10, 0, 1, 2, 25, 10, 1, 1, 25, 1, 25, 10, 10, 0, 0, 25, 25, 10]
(1732, 27)
[15, 16, 17, 18, 19, 24, 8, 9, 16, 10, 19, 20, 21, 22, 17, 23, 18, 24, 11, 12, 20, 19, 0, 20, 1, 8, 21, 22, 2, 21, 9, 22, 3, 23, 13, 14, 15, 23, 24, 4, 10, 5, 11, 6, 7, 13, 16, 8, 14, 9, 15, 16, 17, 17, 18, 18, 10, 19, 11, 12, 12, 8, 8, 9, 20, 9, 10, 21, 13, 10, 22, 11, 14, 11, 12, 0, 23, 15, 12, 0, 1, 24, 1, 2, 2, 16, 3, 3, 17, 4, 8, 9, 10, 11, 18, 12, 19, 20, 21, 5, 4, 8, 6, 7, 0, 5, 6, 1, 7, 13, 22, 9, 10, 14, 2, 11, 23, 24, 13, 15, 14, 15, 12, 3, 8, 16, 9, 13, 10, 4, 17, 14, 11, 5, 18, 19, 20, 21, 12, 6, 13, 22, 15, 14, 23, 7, 0, 1, 16, 2, 24, 0, 17, 18, 3, 4, 5, 19, 6, 20, 7, 15, 0, 16, 17, 1, 21, 22, 18, 23, 24, 0, 2, 1, 0, 1, 1, 2, 3, 2, 4, 3, 3, 5, 4, 2, 3, 4, 5, 6, 4, 7, 5, 5, 6, 6, 7, 6, 7, 7] [6, 20, 20, 20, 1, 6, 5, 5, 6, 5, 20, 1, 1, 1, 6, 1, 6, 1, 5, 5, 20, 6, 16, 6, 16, 10, 20, 20, 16, 6, 10, 6, 16, 6, 1, 1, 1, 20, 20, 16, 10, 16, 10, 16, 16, 12, 1, 12, 12, 12, 12, 12, 12, 1, 12, 1, 12, 12, 12, 12, 10, 1, 0, 1, 12, 0, 0, 12, 25, 1, 12, 1, 25, 0, 1, 20, 12, 25, 0, 5, 5, 12, 20, 20, 5, 25, 5, 20, 25, 20, 24, 24, 24, 24, 25, 24, 25, 25, 25, 20, 5, 7, 20, 20, 6, 5, 5, 6, 5, 15, 25, 7, 7, 15, 6, 7, 25, 25, 20, 15, 20, 20, 7, 6, 20, 15, 20, 9, 20, 6, 15, 9, 20, 6, 15, 15, 15, 15, 20, 6, 2, 15, 9, 2, 15, 6, 12, 12, 9, 12, 15, 0, 9, 9, 12, 12, 12, 9, 12, 9, 12, 2, 1, 2, 2, 0, 9, 9, 2, 9, 9, 24, 0, 24, 10, 1, 10, 1, 0, 10, 0, 1, 10, 0, 1, 24, 24, 10, 1, 1, 24, 1, 24, 10, 10, 0, 0, 24, 24, 10]
(1861, 26)
[8, 20, 21, 22, 19, 19, 20, 21, 9, 22, 23, 20, 21, 22, 10, 23, 11, 24, 23, 24, 24, 12, 0, 20, 1, 13, 8, 9, 2, 21, 14, 22, 3, 23, 24, 20, 21, 10, 11, 4, 15, 5, 16, 6, 7, 12, 22, 8, 13, 9, 14, 15, 16, 23, 17, 24, 10, 18, 11, 12, 17, 8, 13, 9, 19, 14, 15, 20, 18, 10, 21, 11, 19, 16, 12, 0, 22, 8, 17, 18, 8, 23, 1, 2, 9, 9, 10, 3, 10, 4, 24, 13, 14, 15, 11, 16, 12, 8, 9, 5, 11, 17, 6, 7, 0, 12, 0, 1, 1, 2, 10, 18, 19, 3, 2, 20, 11, 12, 13, 4, 14, 15, 21, 3, 22, 5, 23, 16, 24, 4, 6, 17, 8, 5, 7, 13, 14, 15, 9, 6, 10, 16, 18, 11, 17, 7, 0, 1, 19, 2, 18, 0, 0, 1, 3, 4, 5, 2, 6, 3, 7, 12, 0, 8, 9, 1, 4, 5, 10, 6, 7, 11, 2, 12, 0, 1, 1, 2, 3, 2, 4, 3, 3, 5, 4, 13, 14, 4, 5, 6, 15, 7, 16, 5, 6, 6, 7, 17, 18, 7] [16, 7, 7, 7, 1, 15, 15, 15, 16, 15, 7, 1, 1, 1, 16, 1, 16, 1, 15, 15, 7, 16, 16, 10, 16, 6, 23, 23, 16, 10, 6, 10, 16, 10, 10, 6, 6, 23, 23, 16, 6, 16, 6, 16, 16, 23, 6, 12, 20, 12, 20, 20, 20, 6, 20, 6, 12, 20, 12, 12, 6, 1, 1, 1, 20, 1, 1, 20, 6, 1, 20, 1, 6, 1, 1, 20, 20, 5, 1, 1, 0, 20, 20, 20, 0, 5, 0, 20, 5, 20, 20, 12, 12, 12, 5, 12, 5, 10, 10, 20, 0, 12, 20, 20, 6, 0, 5, 6, 5, 5, 10, 12, 12, 5, 6, 12, 10, 10, 9, 5, 9, 9, 12, 6, 12, 5, 12, 9, 12, 6, 5, 9, 7, 6, 5, 15, 15, 15, 7, 6, 7, 15, 9, 7, 15, 6, 12, 12, 9, 12, 15, 0, 24, 24, 12, 12, 12, 24, 12, 24, 12, 7, 1, 20, 20, 0, 24, 24, 20, 24, 24, 20, 0, 20, 10, 1, 10, 1, 0, 10, 0, 1, 10, 0, 1, 2, 2, 10, 1, 1, 2, 1, 2, 10, 10, 0, 0, 2, 2, 10]
(1942, 25)
[20, 15, 16, 17, 19, 17, 18, 8, 21, 9, 18, 20, 21, 22, 22, 23, 23, 24, 10, 11, 19, 24, 0, 15, 1, 12, 20, 21, 2, 16, 8, 17, 3, 18, 19, 20, 21, 22, 23, 4, 9, 5, 10, 6, 7, 24, 22, 8, 13, 9, 14, 15, 16, 23, 17, 24, 10, 18, 11, 12, 11, 8, 13, 9, 19, 14, 15, 20, 12, 10, 21, 11, 13, 16, 12, 0, 22, 14, 8, 9, 10, 23, 1, 2, 11, 15, 12, 3, 16, 4, 24, 13, 14, 15, 17, 16, 18, 19, 20, 5, 0, 17, 6, 7, 0, 1, 2, 1, 3, 4, 21, 18, 19, 5, 2, 20, 22, 23, 24, 6, 13, 14, 21, 3, 22, 7, 23, 8, 24, 4, 0, 9, 8, 5, 1, 2, 3, 4, 9, 6, 10, 5, 10, 11, 6, 7, 0, 1, 11, 2, 7, 0, 12, 8, 3, 4, 5, 9, 6, 10, 7, 12, 0, 8, 9, 1, 11, 12, 10, 13, 14, 11, 2, 12, 0, 1, 1, 2, 3, 2, 4, 3, 3, 5, 4, 13, 14, 4, 5, 6, 15, 7, 16, 5, 6, 6, 7, 17, 18, 7] [10, 7, 7, 7, 1, 0, 0, 23, 10, 23, 7, 1, 1, 1, 10, 1, 10, 1, 23, 23, 7, 10, 16, 6, 16, 23, 7, 7, 16, 6, 16, 6, 16, 6, 6, 6, 6, 7, 7, 16, 16, 16, 16, 16, 16, 7, 6, 12, 20, 12, 20, 20, 20, 6, 20, 6, 12, 20, 12, 12, 16, 1, 1, 1, 20, 1, 1, 20, 16, 1, 20, 1, 15, 1, 1, 20, 20, 15, 0, 0, 0, 20, 20, 20, 0, 15, 0, 20, 15, 20, 20, 12, 12, 12, 15, 12, 15, 15, 15, 20, 5, 12, 20, 20, 6, 5, 5, 6, 5, 5, 15, 12, 12, 5, 6, 12, 15, 15, 15, 5, 6, 6, 12, 6, 12, 5, 12, 5, 12, 6, 24, 5, 7, 6, 24, 24, 24, 24, 7, 6, 7, 24, 5, 7, 24, 6, 12, 12, 5, 12, 24, 0, 5, 10, 12, 12, 12, 10, 12, 10, 12, 7, 1, 20, 20, 0, 10, 10, 20, 9, 9, 20, 0, 20, 10, 1, 10, 1, 0, 10, 0, 1, 10, 0, 1, 2, 2, 10, 1, 1, 2, 1, 2, 10, 10, 0, 0, 2, 2, 10]
(1987, 24)
[10, 15, 16, 17, 19, 24, 13, 14, 11, 15, 18, 20, 21, 22, 12, 23, 8, 24, 16, 17, 19, 9, 0, 10, 1, 18, 20, 21, 2, 11, 8, 12, 3, 15, 16, 17, 18, 22, 23, 4, 9, 5, 10, 6, 7, 24, 19, 8, 13, 9, 14, 15, 16, 20, 17, 21, 10, 18, 11, 12, 11, 8, 22, 9, 19, 23, 15, 20, 12, 10, 21, 11, 13, 16, 12, 0, 22, 14, 17, 18, 19, 23, 1, 2, 20, 15, 21, 3, 16, 4, 24, 13, 14, 15, 17, 16, 18, 19, 20, 5, 22, 17, 6, 7, 0, 23, 24, 1, 8, 9, 21, 18, 19, 10, 2, 20, 22, 23, 24, 11, 13, 14, 21, 3, 22, 12, 23, 8, 24, 4, 0, 9, 8, 5, 1, 2, 3, 4, 9, 6, 10, 5, 10, 11, 6, 7, 0, 1, 11, 2, 7, 0, 12, 8, 3, 4, 5, 9, 6, 10, 7, 12, 0, 8, 9, 1, 11, 12, 10, 13, 14, 11, 2, 12, 0, 1, 1, 2, 3, 2, 4, 3, 3, 5, 4, 13, 14, 4, 5, 6, 15, 7, 16, 5, 6, 6, 7, 17, 18, 7] [18, 7, 7, 7, 1, 10, 0, 0, 18, 0, 7, 1, 1, 1, 18, 1, 23, 1, 0, 0, 7, 23, 16, 23, 16, 0, 7, 7, 16, 23, 16, 23, 16, 10, 10, 10, 10, 7, 7, 16, 16, 16, 16, 16, 16, 7, 10, 12, 20, 12, 20, 20, 20, 10, 20, 10, 12, 20, 12, 12, 16, 1, 10, 1, 20, 10, 6, 20, 16, 1, 20, 1, 15, 6, 1, 20, 20, 15, 6, 6, 6, 20, 20, 20, 6, 15, 6, 20, 15, 20, 20, 12, 12, 12, 15, 12, 15, 15, 15, 20, 6, 12, 20, 20, 6, 6, 6, 6, 0, 0, 15, 12, 12, 0, 6, 12, 15, 15, 15, 0, 6, 6, 12, 6, 12, 0, 12, 5, 12, 6, 5, 5, 7, 6, 5, 5, 5, 5, 7, 6, 7, 5, 5, 7, 5, 6, 12, 12, 5, 12, 5, 0, 5, 10, 12, 12, 12, 10, 12, 10, 12, 7, 1, 20, 20, 0, 10, 10, 20, 9, 9, 20, 0, 20, 10, 1, 10, 1, 0, 10, 0, 1, 10, 0, 1, 2, 2, 10, 1, 1, 2, 1, 2, 10, 10, 0, 0, 2, 2, 10]
(2043, 23)
[21, 15, 16, 17, 11, 16, 17, 18, 22, 19, 18, 12, 13, 14, 23, 15, 24, 16, 20, 21, 19, 8, 17, 9, 18, 22, 20, 21, 19, 10, 23, 11, 20, 12, 8, 9, 10, 22, 23, 21, 24, 22, 8, 23, 24, 24, 11, 8, 13, 9, 14, 15, 16, 12, 17, 11, 10, 18, 11, 12, 9, 8, 12, 9, 19, 15, 15, 20, 10, 10, 21, 11, 11, 16, 12, 0, 22, 12, 17, 18, 19, 23, 1, 2, 20, 13, 21, 3, 14, 4, 24, 13, 14, 15, 15, 16, 16, 17, 18, 5, 22, 17, 6, 7, 0, 23, 24, 1, 8, 9, 19, 18, 19, 10, 2, 20, 20, 21, 22, 11, 23, 24, 21, 3, 22, 12, 23, 13, 24, 4, 0, 14, 8, 5, 1, 2, 3, 4, 9, 6, 10, 5, 8, 8, 6, 7, 0, 1, 9, 2, 7, 0, 10, 8, 3, 4, 5, 9, 6, 10, 7, 9, 0, 10, 11, 1, 11, 12, 12, 13, 14, 0, 2, 1, 0, 1, 1, 2, 3, 2, 4, 3, 3, 5, 4, 2, 3, 4, 5, 6, 4, 7, 5, 5, 6, 6, 7, 6, 7, 7] [0, 7, 7, 7, 6, 10, 10, 10, 0, 10, 7, 6, 1, 1, 0, 1, 0, 1, 10, 10, 7, 19, 1, 19, 1, 10, 7, 7, 1, 19, 10, 19, 1, 19, 18, 18, 18, 7, 7, 1, 10, 1, 16, 1, 1, 7, 18, 12, 20, 12, 20, 20, 20, 18, 20, 5, 12, 20, 12, 12, 16, 1, 5, 1, 20, 10, 6, 20, 16, 1, 20, 1, 16, 6, 1, 19, 20, 16, 6, 6, 6, 20, 19, 19, 6, 15, 6, 19, 15, 19, 20, 12, 12, 12, 15, 12, 15, 15, 15, 19, 6, 12, 19, 19, 6, 6, 6, 6, 0, 0, 15, 12, 12, 0, 6, 12, 15, 15, 15, 0, 15, 15, 12, 6, 12, 0, 12, 6, 12, 6, 5, 6, 7, 6, 5, 5, 5, 5, 7, 6, 7, 5, 5, 20, 5, 6, 12, 12, 5, 12, 5, 0, 5, 10, 12, 12, 12, 10, 12, 10, 12, 20, 1, 20, 20, 0, 10, 10, 20, 9, 9, 16, 0, 16, 10, 1, 10, 1, 0, 10, 0, 1, 10, 0, 1, 16, 16, 10, 1, 1, 16, 1, 16, 10, 10, 0, 0, 16, 16, 10]
(2163, 22)
[13, 24, 13, 14, 11, 14, 15, 16, 14, 17, 15, 12, 13, 14, 15, 15, 16, 16, 18, 19, 16, 17, 17, 18, 18, 20, 17, 18, 19, 19, 21, 20, 20, 21, 22, 23, 24, 19, 20, 21, 22, 22, 23, 23, 24, 21, 11, 8, 22, 9, 23, 24, 8, 12, 9, 13, 10, 10, 11, 12, 24, 0, 13, 1, 11, 14, 15, 12, 8, 2, 13, 3, 9, 16, 4, 5, 14, 10, 17, 18, 19, 15, 6, 7, 20, 8, 21, 8, 9, 9, 16, 17, 18, 19, 10, 20, 11, 12, 13, 10, 22, 21, 11, 12, 0, 23, 24, 1, 8, 9, 14, 22, 23, 10, 2, 24, 15, 16, 17, 11, 18, 19, 13, 3, 14, 12, 15, 20, 16, 4, 0, 21, 17, 5, 1, 2, 3, 4, 18, 6, 19, 5, 22, 20, 6, 7, 0, 1, 23, 2, 7, 0, 0, 1, 3, 4, 5, 2, 6, 3, 7, 21, 0, 22, 23, 1, 4, 5, 24, 6, 7, 8, 2, 9, 0, 1, 1, 2, 3, 2, 4, 3, 3, 5, 4, 10, 11, 4, 5, 6, 12, 7, 8, 5, 6, 6, 7, 9, 10, 7] [0, 19, 15, 15, 6, 10, 10, 10, 0, 10, 15, 6, 1, 1, 0, 1, 0, 1, 10, 10, 15, 0, 1, 0, 1, 10, 15, 15, 1, 0, 10, 0, 1, 0, 0, 0, 0, 15, 15, 1, 10, 1, 10, 1, 1, 15, 5, 12, 15, 12, 15, 15, 16, 5, 16, 10, 12, 16, 12, 12, 10, 18, 6, 18, 16, 6, 6, 16, 5, 18, 7, 18, 5, 6, 18, 18, 7, 5, 6, 6, 6, 7, 18, 18, 6, 10, 6, 1, 10, 1, 7, 7, 7, 7, 10, 7, 10, 10, 20, 1, 6, 7, 1, 1, 6, 6, 6, 6, 0, 0, 20, 7, 7, 0, 6, 7, 20, 20, 20, 0, 20, 20, 12, 6, 12, 0, 12, 20, 12, 6, 5, 20, 12, 6, 5, 5, 5, 5, 12, 6, 12, 5, 20, 12, 5, 6, 12, 12, 20, 12, 5, 0, 16, 16, 12, 12, 12, 16, 12, 16, 12, 12, 1, 12, 12, 0, 16, 16, 12, 16, 16, 19, 0, 19, 10, 1, 10, 1, 0, 10, 0, 1, 10, 0, 1, 19, 19, 10, 1, 1, 19, 1, 7, 10, 10, 0, 0, 7, 7, 10]
(2352, 21)
[13, 19, 20, 21, 11, 18, 19, 20, 14, 21, 22, 12, 13, 14, 15, 15, 16, 16, 22, 23, 23, 17, 17, 18, 18, 24, 24, 13, 19, 19, 13, 20, 20, 21, 22, 23, 24, 14, 15, 21, 14, 22, 15, 23, 24, 16, 11, 0, 17, 1, 18, 19, 20, 12, 21, 13, 2, 22, 3, 4, 16, 5, 14, 6, 23, 15, 16, 24, 17, 7, 8, 8, 18, 17, 9, 10, 9, 13, 8, 9, 10, 10, 11, 12, 11, 14, 12, 8, 15, 9, 11, 12, 13, 14, 16, 15, 17, 18, 19, 10, 0, 16, 11, 12, 0, 1, 2, 1, 3, 4, 20, 17, 18, 5, 2, 19, 21, 22, 23, 6, 24, 8, 20, 3, 21, 7, 22, 9, 23, 4, 0, 10, 24, 5, 1, 2, 3, 4, 13, 6, 14, 5, 11, 15, 6, 7, 0, 1, 12, 2, 7, 0, 8, 9, 3, 4, 5, 10, 6, 8, 7, 16, 0, 17, 18, 1, 9, 10, 19, 11, 12, 20, 2, 21, 0, 1, 1, 2, 3, 2, 4, 3, 3, 5, 4, 22, 23, 4, 5, 6, 24, 7, 8, 5, 6, 6, 7, 9, 10, 7] [0, 18, 18, 18, 6, 5, 5, 5, 0, 5, 18, 6, 1, 1, 0, 1, 0, 1, 5, 5, 18, 0, 1, 0, 1, 5, 18, 15, 1, 0, 19, 0, 1, 0, 0, 0, 0, 15, 15, 1, 19, 1, 19, 1, 1, 15, 5, 17, 15, 17, 15, 15, 15, 5, 15, 6, 17, 15, 17, 17, 19, 17, 6, 17, 15, 6, 6, 15, 19, 17, 18, 12, 19, 6, 12, 12, 18, 10, 0, 0, 0, 18, 12, 12, 0, 10, 0, 1, 10, 1, 18, 18, 7, 7, 10, 7, 10, 10, 10, 1, 5, 7, 1, 1, 6, 5, 5, 6, 5, 5, 10, 7, 7, 5, 6, 7, 10, 10, 10, 5, 10, 16, 7, 6, 7, 5, 7, 16, 7, 6, 16, 16, 7, 6, 16, 16, 16, 16, 12, 6, 12, 16, 16, 12, 16, 6, 12, 12, 16, 12, 16, 0, 5, 5, 12, 12, 12, 5, 12, 10, 12, 12, 1, 12, 12, 0, 10, 10, 12, 10, 10, 12, 0, 12, 10, 1, 10, 1, 0, 10, 0, 1, 10, 0, 1, 12, 12, 10, 1, 1, 12, 1, 7, 10, 10, 0, 0, 7, 7, 10]
